TABLE NO.     1: First Order: Problem=1 Subproblem=0 Superproblem1=0 Iteration1=0 Superproblem2=0 Iteration2=0
 NAME         THETA1       THETA2       THETA3       SIGMA(1,1)   OMEGA(1,1)   OMEGA(2,1)   OMEGA(2,2)   OMEGA(3,1)   OMEGA(3,2)   OMEGA(3,3)
 THETA1        7.08128E-01  2.27102E-01  1.41785E-02 -1.70585E-01  9.69088E-01  4.35829E-01  8.48497E-02  9.01094E-03  7.54966E-03  4.10364E-02
 THETA2        2.27102E-01  7.26351E-03  9.47033E-01  2.61478E-01  1.78203E-01  7.11825E-01  4.71622E-01  4.60248E-01 -5.65504E-02 -2.42024E-01
 THETA3        1.41785E-02  9.47033E-01  4.53088E-03  1.27152E-01 -1.75855E-02  5.94870E-01  3.86044E-01  4.77689E-01 -4.92948E-02 -1.71983E-01
 SIGMA(1,1)   -1.70585E-01  2.61478E-01  1.27152E-01  1.05221E-01 -2.68451E-01  4.54369E-01  5.84632E-01  3.51429E-01  2.41447E-01 -6.80542E-02
 OMEGA(1,1)    9.69088E-01  1.78203E-01 -1.75855E-02 -2.68451E-01  4.83081E+00  3.18550E-01 -1.22151E-02 -1.38120E-01 -1.29789E-01 -8.42252E-02
 OMEGA(2,1)    4.35829E-01  7.11825E-01  5.94870E-01  4.54369E-01  3.18550E-01  1.40249E-02  8.22006E-01  7.56869E-01  4.39318E-01  1.95623E-01
 OMEGA(2,2)    8.48497E-02  4.71622E-01  3.86044E-01  5.84632E-01 -1.22151E-02  8.22006E-01  1.22447E-04  7.04854E-01  6.87938E-01  3.29308E-01
 OMEGA(3,1)    9.01094E-03  4.60248E-01  4.77689E-01  3.51429E-01 -1.38120E-01  7.56869E-01  7.04854E-01  4.74746E-01  6.64923E-01  5.10630E-01
 OMEGA(3,2)    7.54966E-03 -5.65504E-02 -4.92948E-02  2.41447E-01 -1.29789E-01  4.39318E-01  6.87938E-01  6.64923E-01  3.72655E-03  8.94996E-01
 OMEGA(3,3)    4.10364E-02 -2.42024E-01 -1.71983E-01 -6.80542E-02 -8.42252E-02  1.95623E-01  3.29308E-01  5.10630E-01  8.94996E-01  2.11619E-01
