TABLE NO.     1: First Order: Problem=1 Subproblem=0 Superproblem1=0 Iteration1=0 Superproblem2=0 Iteration2=0
 NAME         THETA1       THETA2       THETA3       SIGMA(1,1)   OMEGA(1,1)   OMEGA(2,1)   OMEGA(2,2)   OMEGA(3,1)   OMEGA(3,2)   OMEGA(3,3)
 THETA1        7.38858E+02 -2.94207E+04  4.11124E+04  4.46662E+02 -6.83896E+01 -3.59140E+04  5.48299E+06  3.46059E+02 -2.25567E+05  2.26866E+03
 THETA2       -2.94207E+04  2.39752E+06 -3.54181E+06 -2.98483E+04  2.36349E+03  1.25280E+06 -1.73144E+08 -1.17602E+04  6.35062E+06 -5.54198E+04
 THETA3        4.11124E+04 -3.54181E+06  5.44002E+06  4.64081E+04 -3.17171E+03 -1.74977E+06  2.25009E+08  1.56712E+04 -7.84588E+06  6.59510E+04
 SIGMA(1,1)    4.46662E+02 -2.98483E+04  4.64081E+04  7.28817E+02 -3.08764E+01 -2.58486E+04  3.45961E+06  2.51008E+02 -1.41504E+05  1.44546E+03
 OMEGA(1,1)   -6.83896E+01  2.36349E+03 -3.17171E+03 -3.08764E+01  6.73849E+00  3.12760E+03 -4.94572E+05 -2.94982E+01  2.05386E+04 -2.06963E+02
 OMEGA(2,1)   -3.59140E+04  1.25280E+06 -1.74977E+06 -2.58486E+04  3.12760E+03  2.04120E+06 -3.09320E+08 -2.04615E+04  1.29782E+07 -1.34595E+05
 OMEGA(2,2)    5.48299E+06 -1.73144E+08  2.25009E+08  3.45961E+06 -4.94572E+05 -3.09320E+08  4.92003E+10  3.08305E+06 -2.10247E+09  2.20434E+07
 OMEGA(3,1)    3.46059E+02 -1.17602E+04  1.56712E+04  2.51008E+02 -2.94982E+01 -2.04615E+04  3.08305E+06  2.22913E+02 -1.30761E+05  1.34760E+03
 OMEGA(3,2)   -2.25567E+05  6.35062E+06 -7.84588E+06 -1.41504E+05  2.05386E+04  1.29782E+07 -2.10247E+09 -1.30761E+05  9.15473E+07 -9.71156E+05
 OMEGA(3,3)    2.26866E+03 -5.54198E+04  6.59510E+04  1.44546E+03 -2.06963E+02 -1.34595E+05  2.20434E+07  1.34760E+03 -9.71156E+05  1.04513E+04
