TABLE NO.     1: Stochastic Approximation Expectation-Maximization (No Prior): Problem=1 Subproblem=0 Superproblem1=0 Iteration1=0 Superproblem2=0 Iteration2=0
 NAME         THETA1       THETA2       THETA3       THETA4       THETA5       THETA6       THETA7       THETA8       SIGMA(1,1)   OMEGA(1,1)   OMEGA(2,1)   OMEGA(2,2)
 THETA1        4.87983E-02  2.26645E-01 -4.41177E-01 -3.06927E-01  1.86918E-01  1.10402E-01 -6.24458E-01 -4.05172E-02  2.05259E-01 -1.43594E-01 -8.90488E-02 -1.04995E-01
 THETA2        2.26645E-01  4.56193E-02 -2.50719E-01 -2.52361E-01  1.98131E-01  7.90405E-02 -1.20924E-01 -4.73859E-01  1.67353E-01 -2.16326E-01 -5.00931E-02 -2.36801E-01
 THETA3       -4.41177E-01 -2.50719E-01  1.95924E-01  1.34253E-01 -2.76455E-01 -1.79926E-01 -7.75019E-02  1.16871E-01  1.43062E-02  1.50170E-01 -1.26794E-02 -2.96218E-02
 THETA4       -3.06927E-01 -2.52361E-01  1.34253E-01  2.62705E-01 -2.25165E-01  1.30545E-01  2.98998E-01 -8.96815E-02 -2.51089E-01  1.33039E-01  5.77509E-03  1.43709E-01
 THETA5        1.86918E-01  1.98131E-01 -2.76455E-01 -2.25165E-01  1.32667E-01  1.10820E-01 -2.65392E-01 -4.52791E-02  2.84438E-01 -3.34996E-01 -3.84588E-02  7.90346E-02
 THETA6        1.10402E-01  7.90405E-02 -1.79926E-01  1.30545E-01  1.10820E-01  1.55221E-01  1.01868E-02  5.69024E-02  3.29006E-02 -8.06567E-02  2.69042E-01 -1.15939E-01
 THETA7       -6.24458E-01 -1.20924E-01 -7.75019E-02  2.98998E-01 -2.65392E-01  1.01868E-02  6.25622E-02  9.78877E-02 -2.69062E-01  1.66518E-01  7.17473E-02  8.50761E-02
 THETA8       -4.05172E-02 -4.73859E-01  1.16871E-01 -8.96815E-02 -4.52791E-02  5.69024E-02  9.78877E-02  8.44093E-02  5.63868E-02  3.27997E-02  8.24287E-02  1.01398E-01
 SIGMA(1,1)    2.05259E-01  1.67353E-01  1.43062E-02 -2.51089E-01  2.84438E-01  3.29006E-02 -2.69062E-01  5.63868E-02  6.71052E-03 -4.04246E-01 -8.98950E-02 -1.22958E-01
 OMEGA(1,1)   -1.43594E-01 -2.16326E-01  1.50170E-01  1.33039E-01 -3.34996E-01 -8.06567E-02  1.66518E-01  3.27997E-02 -4.04246E-01  8.66953E-03  2.26561E-01  2.16773E-01
 OMEGA(2,1)   -8.90488E-02 -5.00931E-02 -1.26794E-02  5.77509E-03 -3.84588E-02  2.69042E-01  7.17473E-02  8.24287E-02 -8.98950E-02  2.26561E-01  1.05011E-02  2.54955E-01
 OMEGA(2,2)   -1.04995E-01 -2.36801E-01 -2.96218E-02  1.43709E-01  7.90346E-02 -1.15939E-01  8.50761E-02  1.01398E-01 -1.22958E-01  2.16773E-01  2.54955E-01  1.64958E-02
TABLE NO.     2: Objective Function Evaluation by Importance Sampling (No Prior): Problem=1 Subproblem=0 Superproblem1=0 Iteration1=0 Superproblem2=0 Iteration2=0
 NAME         THETA1       THETA2       THETA3       THETA4       THETA5       THETA6       THETA7       THETA8       SIGMA(1,1)   OMEGA(1,1)   OMEGA(2,1)   OMEGA(2,2)
 THETA1        3.87151E-02  1.19518E-01 -1.43259E-01 -3.87718E-02  3.24863E-02 -1.12723E-02 -6.11240E-01 -6.42661E-02  7.79686E-02 -3.96075E-02  9.99664E-02 -6.00848E-02
 THETA2        1.19518E-01  4.97759E-02 -4.07693E-02 -1.79277E-01 -1.59131E-02  1.74177E-02 -6.72345E-02 -6.13576E-01  5.46662E-02  2.63530E-02 -2.41890E-02  5.24709E-02
 THETA3       -1.43259E-01 -4.07693E-02  1.62530E-01  1.05265E-01 -7.84508E-02 -1.55799E-02 -2.22814E-01 -2.72982E-02 -1.28249E-02  1.17800E-02  4.20717E-02 -7.45287E-04
 THETA4       -3.87718E-02 -1.79277E-01  1.05265E-01  2.07665E-01 -1.37228E-02 -1.03881E-01 -2.67386E-02 -2.24697E-01 -1.83658E-02  2.38986E-02  2.28516E-02  1.10668E-02
 THETA5        3.24863E-02 -1.59131E-02 -7.84508E-02 -1.37228E-02  1.04823E-01  1.38875E-01  1.29914E-01 -1.78615E-02 -2.83288E-02  4.16499E-02  3.11462E-02 -1.97122E-02
 THETA6       -1.12723E-02  1.74177E-02 -1.55799E-02 -1.03881E-01  1.38875E-01  1.32743E-01 -1.84800E-02  1.05847E-01  1.71474E-02 -7.34491E-03 -1.39315E-02 -1.69088E-02
 THETA7       -6.11240E-01 -6.72345E-02 -2.22814E-01 -2.67386E-02  1.29914E-01 -1.84800E-02  5.78372E-02  1.00155E-01 -2.64145E-02  3.24298E-02 -3.65880E-02  1.08326E-02
 THETA8       -6.42661E-02 -6.13576E-01 -2.72982E-02 -2.24697E-01 -1.78615E-02  1.05847E-01  1.00155E-01  7.30698E-02  3.36646E-02 -1.92410E-02 -6.65789E-03 -5.98564E-02
 SIGMA(1,1)    7.79686E-02  5.46662E-02 -1.28249E-02 -1.83658E-02 -2.83288E-02  1.71474E-02 -2.64145E-02  3.36646E-02  6.52189E-03 -2.82342E-01 -8.28118E-02 -2.00670E-01
 OMEGA(1,1)   -3.96075E-02  2.63530E-02  1.17800E-02  2.38986E-02  4.16499E-02 -7.34491E-03  3.24298E-02 -1.92410E-02 -2.82342E-01  9.26394E-03  1.28288E-01  7.03827E-02
 OMEGA(2,1)    9.99664E-02 -2.41890E-02  4.20717E-02  2.28516E-02  3.11462E-02 -1.39315E-02 -3.65880E-02 -6.65789E-03 -8.28118E-02  1.28288E-01  7.83035E-03  1.78998E-01
 OMEGA(2,2)   -6.00848E-02  5.24709E-02 -7.45287E-04  1.10668E-02 -1.97122E-02 -1.69088E-02  1.08326E-02 -5.98564E-02 -2.00670E-01  7.03827E-02  1.78998E-01  1.41812E-02
