TABLE NO.     1: Iterative Two Stage (No Prior): Problem=1 Subproblem=0 Superproblem1=0 Iteration1=0 Superproblem2=0 Iteration2=0
 NAME         THETA1       THETA2       THETA3       THETA4       THETA5       THETA6       THETA7       THETA8       SIGMA(1,1)   OMEGA(1,1)   OMEGA(2,1)   OMEGA(2,2)
 THETA1        1.30706E+03 -1.60375E+02  1.78622E+02  1.24051E+00  9.08692E+01 -2.59370E+01  7.21228E+02 -1.13471E+02 -1.25796E+03 -4.90628E+02  6.36319E+02 -7.50127E+01
 THETA2       -1.60375E+02  8.70673E+02  1.24051E+00  3.45845E+01 -2.59370E+01 -1.48134E+01 -1.13471E+02  2.37212E+02 -4.30258E+02  3.66326E+02 -3.58756E+02  2.91675E+02
 THETA3        1.78622E+02  1.24051E+00  5.62103E+01 -5.11318E+00  2.36893E+01  3.86692E+00  1.17819E+02 -2.18786E+01 -3.02370E+02 -1.29329E+02  6.72922E+01  3.16857E+01
 THETA4        1.24051E+00  3.45845E+01 -5.11318E+00  2.25516E+01  3.86692E+00 -9.50325E+00 -2.18786E+01  1.96079E+01  8.23389E+01  2.51228E+01  5.41349E+01 -5.79608E+01
 THETA5        9.08692E+01 -2.59370E+01  2.36893E+01  3.86692E+00  8.60629E+01 -1.06123E+01  8.64633E+01 -9.49966E+00 -3.53800E+02  2.82872E+02  7.35030E+01 -1.34429E+02
 THETA6       -2.59370E+01 -1.48134E+01  3.86692E+00 -9.50325E+00 -1.06123E+01  5.81876E+01 -9.49966E+00 -1.37646E+01  3.21739E+01  5.26644E+01 -2.87479E+02  1.43215E+02
 THETA7        7.21228E+02 -1.13471E+02  1.17819E+02 -2.18786E+01  8.64633E+01 -9.49966E+00  7.21228E+02 -1.13471E+02 -3.16288E+02 -2.43818E+02  2.65503E+02 -4.37860E+01
 THETA8       -1.13471E+02  2.37212E+02 -2.18786E+01  1.96079E+01 -9.49966E+00 -1.37646E+01 -1.13471E+02  2.37212E+02 -2.18637E+02  1.17708E+02 -1.39610E+02 -5.13074E+01
 SIGMA(1,1)   -1.25796E+03 -4.30258E+02 -3.02370E+02  8.23389E+01 -3.53800E+02  3.21739E+01 -3.16288E+02 -2.18637E+02  3.12283E+04  6.08835E+03 -7.15508E+02  1.95529E+02
 OMEGA(1,1)   -4.90628E+02  3.66326E+02 -1.29329E+02  2.51228E+01  2.82872E+02  5.26644E+01 -2.43818E+02  1.17708E+02  6.08835E+03  2.10866E+04 -4.76399E+03 -1.61006E+03
 OMEGA(2,1)    6.36319E+02 -3.58756E+02  6.72922E+01  5.41349E+01  7.35030E+01 -2.87479E+02  2.65503E+02 -1.39610E+02 -7.15508E+02 -4.76399E+03  1.28801E+04 -2.51140E+03
 OMEGA(2,2)   -7.50127E+01  2.91675E+02  3.16857E+01 -5.79608E+01 -1.34429E+02  1.43215E+02 -4.37860E+01 -5.13074E+01  1.95529E+02 -1.61006E+03 -2.51140E+03  5.51951E+03
