TABLE NO.     1: MCMC Bayesian Analysis: Problem=1 Subproblem=0 Superproblem1=0 Iteration1=0 Superproblem2=0 Iteration2=0
 NAME         THETA1       THETA2       THETA3       THETA4       THETA5       THETA6       THETA7       THETA8       SIGMA(1,1)   OMEGA(1,1)   OMEGA(2,1)   OMEGA(2,2)
 THETA1        3.90768E-02  1.06667E-01 -1.33855E-01 -5.35504E-02  2.09970E-02 -3.09380E-02 -6.07709E-01 -5.40424E-02  5.01260E-02 -5.06864E-03  1.20806E-01 -4.07321E-02
 THETA2        1.06667E-01  4.98491E-02 -2.78593E-02 -1.65625E-01 -2.23911E-02 -6.74371E-03 -6.70826E-02 -6.19879E-01  5.38055E-02  3.78280E-02 -3.07506E-02  6.96591E-02
 THETA3       -1.33855E-01 -2.78593E-02  1.64736E-01  7.23042E-02 -3.38497E-02  3.33441E-03 -2.30017E-01 -4.56893E-02 -3.55154E-02  4.16978E-02  4.33283E-02 -8.62930E-04
 THETA4       -5.35504E-02 -1.65625E-01  7.23042E-02  2.04178E-01  8.25292E-03 -8.35134E-02 -2.00150E-02 -2.40847E-01 -4.32144E-02  3.87683E-02  2.14296E-02  2.47994E-02
 THETA5        2.09970E-02 -2.23911E-02 -3.38497E-02  8.25292E-03  1.05877E-01  1.07151E-01  1.34800E-01 -3.61270E-02 -1.65685E-02  4.31914E-02  2.25981E-02 -4.07909E-02
 THETA6       -3.09380E-02 -6.74371E-03  3.33441E-03 -8.35134E-02  1.07151E-01  1.32198E-01 -7.67088E-03  1.20607E-01  3.02251E-02 -2.04073E-02 -1.58722E-02 -9.13350E-03
 THETA7       -6.07709E-01 -6.70826E-02 -2.30017E-01 -2.00150E-02  1.34800E-01 -7.67088E-03  5.88869E-02  8.16785E-02 -9.02762E-03  2.13760E-02 -6.20128E-02 -1.01566E-03
 THETA8       -5.40424E-02 -6.19879E-01 -4.56893E-02 -2.40847E-01 -3.61270E-02  1.20607E-01  8.16785E-02  7.34431E-02  5.97929E-02 -4.77252E-02 -2.28139E-02 -6.89661E-02
 SIGMA(1,1)    5.01260E-02  5.38055E-02 -3.55154E-02 -4.32144E-02 -1.65685E-02  3.02251E-02 -9.02762E-03  5.97929E-02  7.60969E-03 -3.07253E-01 -1.03893E-01 -2.78461E-01
 OMEGA(1,1)   -5.06864E-03  3.78280E-02  4.16978E-02  3.87683E-02  4.31914E-02 -2.04073E-02  2.13760E-02 -4.77252E-02 -3.07253E-01  9.35562E-03  7.68125E-02  8.41050E-02
 OMEGA(2,1)    1.20806E-01 -3.07506E-02  4.33283E-02  2.14296E-02  2.25981E-02 -1.58722E-02 -6.20128E-02 -2.28139E-02 -1.03893E-01  7.68125E-02  7.71659E-03  1.40250E-01
 OMEGA(2,2)   -4.07321E-02  6.96591E-02 -8.62930E-04  2.47994E-02 -4.07909E-02 -9.13350E-03 -1.01566E-03 -6.89661E-02 -2.78461E-01  8.41050E-02  1.40250E-01  1.43481E-02
