TABLE NO.     1: NUTS Bayesian Analysis: Problem=1 Subproblem=0 Superproblem1=0 Iteration1=0 Superproblem2=0 Iteration2=0
 NAME         THETA1       THETA2       THETA3       THETA4       THETA5       THETA6       THETA7       THETA8       SIGMA(1,1)   OMEGA(1,1)   OMEGA(2,1)   OMEGA(2,2)
 THETA1        1.65701E-03  2.96678E-04 -9.54043E-04 -2.23837E-04  3.56359E-04 -8.81407E-05 -1.46582E-03 -1.35948E-04  2.76157E-05 -2.24042E-05  3.07499E-05 -3.01168E-05
 THETA2        2.96678E-04  2.60857E-03 -1.10383E-05 -2.15143E-03  2.58664E-04  5.39448E-05 -1.59850E-04 -2.33080E-03  2.33998E-05 -1.15436E-05  3.25838E-06  4.56243E-06
 THETA3       -9.54043E-04 -1.10383E-05  2.75791E-02  3.29559E-03 -2.46033E-03 -2.98362E-04 -2.20859E-03 -9.07971E-04 -3.48190E-06 -2.57486E-05  9.36295E-05 -6.37062E-05
 THETA4       -2.23837E-04 -2.15143E-03  3.29559E-03  4.39100E-02 -1.05303E-03 -3.83538E-03 -1.93404E-04 -3.55289E-03 -3.05884E-05  1.25643E-04  6.53810E-05  1.19842E-04
 THETA5        3.56359E-04  2.58664E-04 -2.46033E-03 -1.05303E-03  1.23198E-02  1.42615E-03  9.76998E-04 -2.77897E-04 -4.08909E-05  9.08385E-05  6.30543E-05 -2.66215E-05
 THETA6       -8.81407E-05  5.39448E-05 -2.98362E-04 -3.83538E-03  1.42615E-03  1.91481E-02  2.31125E-05  1.13422E-03  3.26592E-05  1.89648E-05 -3.41834E-05 -3.38741E-05
 THETA7       -1.46582E-03 -1.59850E-04 -2.20859E-03 -1.93404E-04  9.76998E-04  2.31125E-05  3.58945E-03  1.48664E-04 -2.66498E-05  4.66792E-05 -1.20195E-05  4.37264E-05
 THETA8       -1.35948E-04 -2.33080E-03 -9.07971E-04 -3.55289E-03 -2.77897E-04  1.13422E-03  1.48664E-04  5.56050E-03  2.88656E-05 -2.05488E-05 -2.77073E-05 -6.16206E-05
 SIGMA(1,1)    2.76157E-05  2.33998E-05 -3.48190E-06 -3.05884E-05 -4.08909E-05  3.26592E-05 -2.66498E-05  2.88656E-05  4.93416E-05 -2.00996E-05 -5.29284E-06 -2.19913E-05
 OMEGA(1,1)   -2.24042E-05 -1.15436E-05 -2.57486E-05  1.25643E-04  9.08385E-05  1.89648E-05  4.66792E-05 -2.05488E-05 -2.00996E-05  1.14956E-04  8.20403E-06  4.63740E-06
 OMEGA(2,1)    3.07499E-05  3.25838E-06  9.36295E-05  6.53810E-05  6.30543E-05 -3.41834E-05 -1.20195E-05 -2.77073E-05 -5.29284E-06  8.20403E-06  7.41428E-05  1.62894E-05
 OMEGA(2,2)   -3.01168E-05  4.56243E-06 -6.37062E-05  1.19842E-04 -2.66215E-05 -3.38741E-05  4.37264E-05 -6.16206E-05 -2.19913E-05  4.63740E-06  1.62894E-05  2.34576E-04
