TABLE NO.     1: NUTS Bayesian Analysis: Problem=1 Subproblem=0 Superproblem1=0 Iteration1=0 Superproblem2=0 Iteration2=0
 NAME         THETA1       THETA2       THETA3       THETA4       THETA5       THETA6       THETA7       THETA8       SIGMA(1,1)   OMEGA(1,1)   OMEGA(2,1)   OMEGA(2,2)
 THETA1        1.16856E+03 -1.28898E+02  7.92777E+01 -7.12369E+00 -5.89470E+01  1.12554E+01  5.31884E+02 -3.63069E+01 -3.49377E+02  3.37182E+01 -4.87660E+02  6.44017E+01
 THETA2       -1.28898E+02  7.94319E+02 -2.72737E+00  6.77502E+01  3.06787E+00 -1.09398E+01 -3.47169E+01  3.78621E+02 -5.05407E+02 -3.10172E+01  6.08119E+01 -1.36433E+01
 THETA3        7.92777E+01 -2.72737E+00  4.46392E+01 -2.31641E+00  2.38459E+00 -4.96558E-02  5.80716E+01  5.04712E+00 -8.56729E+00  6.83498E+00 -8.34158E+01  1.91565E+01
 THETA4       -7.12369E+00  6.77502E+01 -2.31641E+00  3.04009E+01  1.83600E+00  3.01822E+00 -2.06548E+00  4.68490E+01 -5.53982E+01 -2.99859E+01 -5.50202E+00 -9.27561E+00
 THETA5       -5.89470E+01  3.06787E+00  2.38459E+00  1.83600E+00  8.90264E+01 -7.05405E+00 -4.62634E+01  7.97664E+00  6.66028E+01 -4.67070E+01 -5.89636E+01  2.31476E+01
 THETA6        1.12554E+01 -1.09398E+01 -4.96558E-02  3.01822E+00 -7.05405E+00  5.43575E+01  6.44808E+00 -1.38076E+01 -3.57231E+01 -1.82913E+01  2.00862E+01 -2.05993E+00
 THETA7        5.31884E+02 -3.47169E+01  5.80716E+01 -2.06548E+00 -4.62634E+01  6.44808E+00  5.43012E+02 -1.23947E+01 -7.49924E+01 -7.28843E+01 -1.58287E+02 -1.76045E+01
 THETA8       -3.63069E+01  3.78621E+02  5.04712E+00  4.68490E+01  7.97664E+00 -1.38076E+01 -1.23947E+01  3.74189E+02 -3.25914E+02 -1.28153E+01  4.66645E+01  3.13865E+01
 SIGMA(1,1)   -3.49377E+02 -5.05407E+02 -8.56729E+00 -5.53982E+01  6.66028E+01 -3.57231E+01 -7.49924E+01 -3.25914E+02  2.34269E+04  3.82183E+03  8.33192E+02  1.98455E+03
 OMEGA(1,1)    3.37182E+01 -3.10172E+01  6.83498E+00 -2.99859E+01 -4.67070E+01 -1.82913E+01 -7.28843E+01 -1.28153E+01  3.82183E+03  9.52033E+03 -8.15912E+02  2.51127E+02
 OMEGA(2,1)   -4.87660E+02  6.08119E+01 -8.34158E+01 -5.50202E+00 -5.89636E+01  2.00862E+01 -1.58287E+02  4.66645E+01  8.33192E+02 -8.15912E+02  1.42042E+04 -9.37790E+02
 OMEGA(2,2)    6.44017E+01 -1.36433E+01  1.91565E+01 -9.27561E+00  2.31476E+01 -2.05993E+00 -1.76045E+01  3.13865E+01  1.98455E+03  2.51127E+02 -9.37790E+02  4.54155E+03
