TABLE NO.     1: First Order Conditional Estimation with Interaction: Problem=1 Subproblem=0 Superproblem1=0 Iteration1=0 Superproblem2=0 Iteration2=0
 NAME         THETA1       THETA2       THETA3       THETA4       THETA5       THETA6       THETA7       THETA8       SIGMA(1,1)   OMEGA(1,1)   OMEGA(2,1)   OMEGA(2,2)
 THETA1        3.83166E-02  1.58422E-01 -1.49239E-01 -4.42665E-02  2.82679E-02 -1.07782E-02 -6.06580E-01 -8.04990E-02  1.51212E-01 -2.45350E-02  7.33507E-02 -4.48802E-02
 THETA2        1.58422E-01  4.87480E-02 -4.46628E-02 -1.75864E-01 -1.50169E-02  1.64177E-02 -8.63181E-02 -6.14170E-01  4.98484E-02  3.33434E-02  1.74212E-02  1.00582E-01
 THETA3       -1.49239E-01 -4.46628E-02  1.60148E-01  1.32718E-01 -7.78914E-02 -1.95690E-02 -2.22483E-01 -3.41474E-02 -5.31573E-03  7.07648E-03  2.76979E-02 -4.04929E-03
 THETA4       -4.42665E-02 -1.75864E-01  1.32718E-01  2.01692E-01 -1.72307E-02 -1.01324E-01 -3.41025E-02 -2.25411E-01 -1.44091E-02  2.34287E-02  1.94718E-02  1.02125E-02
 THETA5        2.82679E-02 -1.50169E-02 -7.78914E-02 -1.72307E-02  1.03164E-01  1.69934E-01  1.18458E-01 -1.39656E-02 -8.97036E-03  2.95631E-02  9.60273E-03 -2.78585E-02
 THETA6       -1.07782E-02  1.64177E-02 -1.95690E-02 -1.01324E-01  1.69934E-01  1.29460E-01 -1.42865E-02  1.02314E-01  1.92250E-02 -1.29911E-02 -2.70020E-02 -2.39550E-02
 THETA7       -6.06580E-01 -8.63181E-02 -2.22483E-01 -3.41025E-02  1.18458E-01 -1.42865E-02  5.68296E-02  1.30102E-01 -1.89448E-02  1.91305E-02 -2.56580E-02  6.93265E-03
 THETA8       -8.04990E-02 -6.14170E-01 -3.41474E-02 -2.25411E-01 -1.39656E-02  1.02314E-01  1.30102E-01  7.13081E-02  4.53766E-02 -2.55500E-02 -1.10843E-02 -6.85786E-02
 SIGMA(1,1)    1.51212E-01  4.98484E-02 -5.31573E-03 -1.44091E-02 -8.97036E-03  1.92250E-02 -1.89448E-02  4.53766E-02  6.75998E-03 -2.79404E-01 -6.64087E-02 -2.53734E-01
 OMEGA(1,1)   -2.45350E-02  3.33434E-02  7.07648E-03  2.34287E-02  2.95631E-02 -1.29911E-02  1.91305E-02 -2.55500E-02 -2.79404E-01  9.16008E-03  1.45458E-01  1.10705E-01
 OMEGA(2,1)    7.33507E-02  1.74212E-02  2.76979E-02  1.94718E-02  9.60273E-03 -2.70020E-02 -2.56580E-02 -1.10843E-02 -6.64087E-02  1.45458E-01  7.59174E-03  2.32536E-01
 OMEGA(2,2)   -4.48802E-02  1.00582E-01 -4.04929E-03  1.02125E-02 -2.78585E-02 -2.39550E-02  6.93265E-03 -6.85786E-02 -2.53734E-01  1.10705E-01  2.32536E-01  1.38528E-02
