TABLE NO.     1: Stochastic Approximation Expectation-Maximization (No Prior): Problem=1 Subproblem=0 Superproblem1=0 Iteration1=0 Superproblem2=0 Iteration2=0
 NAME         THETA1       THETA2       THETA3       THETA4       THETA5       THETA6       THETA7       THETA8       SIGMA(1,1)   OMEGA(1,1)   OMEGA(2,1)   OMEGA(2,2)
 THETA1        2.38127E-03  5.04546E-04 -4.21798E-03 -3.93467E-03  1.21009E-03  8.36239E-04 -1.90643E-03 -1.66892E-04  6.72144E-05 -6.07488E-05 -4.56317E-05 -8.45178E-05
 THETA2        5.04546E-04  2.08112E-03 -2.24090E-03 -3.02440E-03  1.19912E-03  5.59692E-04 -3.45123E-04 -1.82469E-03  5.12317E-05 -8.55567E-05 -2.39972E-05 -1.78199E-04
 THETA3       -4.21798E-03 -2.24090E-03  3.83860E-02  6.91003E-03 -7.18576E-03 -5.47180E-03 -9.49972E-04  1.93279E-03  1.88090E-05  2.55073E-04 -2.60867E-05 -9.57350E-05
 THETA4       -3.93467E-03 -3.02440E-03  6.91003E-03  6.90139E-02 -7.84751E-03  5.32327E-03  4.91416E-03 -1.98866E-03 -4.42641E-04  3.03000E-04  1.59317E-05  6.22768E-04
 THETA5        1.21009E-03  1.19912E-03 -7.18576E-03 -7.84751E-03  1.76005E-02  2.28207E-03 -2.20273E-03 -5.07049E-04  2.53225E-04 -3.85298E-04 -5.35786E-05  1.72963E-04
 THETA6        8.36239E-04  5.59692E-04 -5.47180E-03  5.32327E-03  2.28207E-03  2.40935E-02  9.89237E-05  7.45541E-04  3.42697E-05 -1.08539E-04  4.38535E-04 -2.96862E-04
 THETA7       -1.90643E-03 -3.45123E-04 -9.49972E-04  4.91416E-03 -2.20273E-03  9.89237E-05  3.91403E-03  5.16929E-04 -1.12959E-04  9.03169E-05  4.71359E-05  8.77996E-05
 THETA8       -1.66892E-04 -1.82469E-03  1.93279E-03 -1.98866E-03 -5.07049E-04  7.45541E-04  5.16929E-04  7.12494E-03  3.19392E-05  2.40025E-05  7.30639E-05  1.41186E-04
 SIGMA(1,1)    6.72144E-05  5.12317E-05  1.88090E-05 -4.42641E-04  2.53225E-04  3.42697E-05 -1.12959E-04  3.19392E-05  4.50311E-05 -2.35178E-05 -6.33469E-06 -1.36108E-05
 OMEGA(1,1)   -6.07488E-05 -8.55567E-05  2.55073E-04  3.03000E-04 -3.85298E-04 -1.08539E-04  9.03169E-05  2.40025E-05 -2.35178E-05  7.51607E-05  2.06260E-05  3.10009E-05
 OMEGA(2,1)   -4.56317E-05 -2.39972E-05 -2.60867E-05  1.59317E-05 -5.35786E-05  4.38535E-04  4.71359E-05  7.30639E-05 -6.33469E-06  2.06260E-05  1.10273E-04  4.41643E-05
 OMEGA(2,2)   -8.45178E-05 -1.78199E-04 -9.57350E-05  6.22768E-04  1.72963E-04 -2.96862E-04  8.77996E-05  1.41186E-04 -1.36108E-05  3.10009E-05  4.41643E-05  2.72111E-04
TABLE NO.     2: Objective Function Evaluation by Importance Sampling (No Prior): Problem=1 Subproblem=0 Superproblem1=0 Iteration1=0 Superproblem2=0 Iteration2=0
 NAME         THETA1       THETA2       THETA3       THETA4       THETA5       THETA6       THETA7       THETA8       SIGMA(1,1)   OMEGA(1,1)   OMEGA(2,1)   OMEGA(2,2)
 THETA1        1.49886E-03  2.30320E-04 -9.01435E-04 -3.11717E-04  1.31837E-04 -5.79300E-05 -1.36867E-03 -1.81803E-04  1.96867E-05 -1.42054E-05  3.03051E-05 -3.29881E-05
 THETA2        2.30320E-04  2.47764E-03 -3.29826E-04 -1.85314E-03 -8.30291E-05  1.15086E-04 -1.93561E-04 -2.23165E-03  1.77465E-05  1.21519E-05 -9.42797E-06  3.70382E-05
 THETA3       -9.01435E-04 -3.29826E-04  2.64159E-02  3.55289E-03 -1.33655E-03 -3.36131E-04 -2.09451E-03 -3.24194E-04 -1.35944E-05  1.77368E-05  5.35432E-05 -1.71778E-06
 THETA4       -3.11717E-04 -1.85314E-03  3.55289E-03  4.31249E-02 -2.98719E-04 -2.86358E-03 -3.21152E-04 -3.40956E-03 -2.48742E-05  4.59761E-05  3.71588E-05  3.25912E-05
 THETA5        1.31837E-04 -8.30291E-05 -1.33655E-03 -2.98719E-04  1.09878E-02  1.93237E-03  7.87627E-04 -1.36808E-04 -1.93668E-05  4.04451E-05  2.55648E-05 -2.93023E-05
 THETA6       -5.79300E-05  1.15086E-04 -3.36131E-04 -2.86358E-03  1.93237E-03  1.76206E-02 -1.41880E-04  1.02666E-03  1.48451E-05 -9.03219E-06 -1.44807E-05 -3.18299E-05
 THETA7       -1.36867E-03 -1.93561E-04 -2.09451E-03 -3.21152E-04  7.87627E-04 -1.41880E-04  3.34515E-03  4.23270E-04 -9.96377E-06  1.73759E-05 -1.65702E-05  8.88489E-06
 THETA8       -1.81803E-04 -2.23165E-03 -3.24194E-04 -3.40956E-03 -1.36808E-04  1.02666E-03  4.23270E-04  5.33920E-03  1.60430E-05 -1.30245E-05 -3.80939E-06 -6.20241E-05
 SIGMA(1,1)    1.96867E-05  1.77465E-05 -1.35944E-05 -2.48742E-05 -1.93668E-05  1.48451E-05 -9.96377E-06  1.60430E-05  4.25350E-05 -1.70587E-05 -4.22909E-06 -1.85596E-05
 OMEGA(1,1)   -1.42054E-05  1.21519E-05  1.77368E-05  4.59761E-05  4.04451E-05 -9.03219E-06  1.73759E-05 -1.30245E-05 -1.70587E-05  8.58206E-05  9.30600E-06  9.24642E-06
 OMEGA(2,1)    3.03051E-05 -9.42797E-06  5.35432E-05  3.71588E-05  2.55648E-05 -1.44807E-05 -1.65702E-05 -3.80939E-06 -4.22909E-06  9.30600E-06  6.13143E-05  1.98766E-05
 OMEGA(2,2)   -3.29881E-05  3.70382E-05 -1.71778E-06  3.25912E-05 -2.93023E-05 -3.18299E-05  8.88489E-06 -6.20241E-05 -1.85596E-05  9.24642E-06  1.98766E-05  2.01106E-04
