TABLE NO.     1: NUTS Bayesian Analysis: Problem=1 Subproblem=0 Superproblem1=0 Iteration1=0 Superproblem2=0 Iteration2=0
 NAME         THETA1       THETA2       THETA3       THETA4       THETA5       THETA6       THETA7       THETA8       SIGMA(1,1)   OMEGA(1,1)   OMEGA(2,1)   OMEGA(2,2)
 THETA1        4.07064E-02  1.42699E-01 -1.41129E-01 -2.62414E-02  7.88720E-02 -1.56477E-02 -6.01038E-01 -4.47869E-02  9.65797E-02 -5.13335E-02  8.77297E-02 -4.83063E-02
 THETA2        1.42699E-01  5.10742E-02 -1.30140E-03 -2.01022E-01  4.56282E-02  7.63282E-03 -5.22393E-02 -6.11993E-01  6.52235E-02 -2.10803E-02  7.40910E-03  5.83248E-03
 THETA3       -1.41129E-01 -1.30140E-03  1.66069E-01  9.47024E-02 -1.33475E-01 -1.29835E-02 -2.21979E-01 -7.33205E-02 -2.98484E-03 -1.44610E-02  6.54770E-02 -2.50467E-02
 THETA4       -2.62414E-02 -2.01022E-01  9.47024E-02  2.09547E-01 -4.52747E-02 -1.32271E-01 -1.54053E-02 -2.27375E-01 -2.07811E-02  5.59229E-02  3.62356E-02  3.73411E-02
 THETA5        7.88720E-02  4.56282E-02 -1.33475E-01 -4.52747E-02  1.10995E-01  9.28540E-02  1.46919E-01 -3.35757E-02 -5.24466E-02  7.63313E-02  6.59748E-02 -1.56599E-02
 THETA6       -1.56477E-02  7.63282E-03 -1.29835E-02 -1.32271E-01  9.28540E-02  1.38377E-01  2.78785E-03  1.09920E-01  3.35997E-02  1.27826E-02 -2.86891E-02 -1.59832E-02
 THETA7       -6.01038E-01 -5.22393E-02 -2.21979E-01 -1.54053E-02  1.46919E-01  2.78785E-03  5.99121E-02  3.32763E-02 -6.33247E-02  7.26682E-02 -2.32990E-02  4.76527E-02
 THETA8       -4.47869E-02 -6.11993E-01 -7.33205E-02 -2.27375E-01 -3.35757E-02  1.09920E-01  3.32763E-02  7.45688E-02  5.51082E-02 -2.57019E-02 -4.31522E-02 -5.39544E-02
 SIGMA(1,1)    9.65797E-02  6.52235E-02 -2.98484E-03 -2.07811E-02 -5.24466E-02  3.35997E-02 -6.33247E-02  5.51082E-02  7.02436E-03 -2.66880E-01 -8.75080E-02 -2.04410E-01
 OMEGA(1,1)   -5.13335E-02 -2.10803E-02 -1.44610E-02  5.59229E-02  7.63313E-02  1.27826E-02  7.26682E-02 -2.57019E-02 -2.66880E-01  1.07217E-02  8.88644E-02  2.82402E-02
 OMEGA(2,1)    8.77297E-02  7.40910E-03  6.54770E-02  3.62356E-02  6.59748E-02 -2.86891E-02 -2.32990E-02 -4.31522E-02 -8.75080E-02  8.88644E-02  8.61062E-03  1.23517E-01
 OMEGA(2,2)   -4.83063E-02  5.83248E-03 -2.50467E-02  3.73411E-02 -1.56599E-02 -1.59832E-02  4.76527E-02 -5.39544E-02 -2.04410E-01  2.82402E-02  1.23517E-01  1.53159E-02
