TABLE NO.     1: MCMC Bayesian Analysis: Problem=1 Subproblem=0 Superproblem1=0 Iteration1=0 Superproblem2=0 Iteration2=0
 NAME         THETA1       THETA2       THETA3       THETA4       THETA5       THETA6       THETA7       THETA8       SIGMA(1,1)   OMEGA(1,1)   OMEGA(2,1)   OMEGA(2,2)
 THETA1        1.25682E+03 -7.54782E+01  8.48589E+01  7.37643E+00 -4.98704E+01  1.95581E+01  5.67633E+02 -2.47465E+01 -2.19117E+02 -1.17268E+02 -6.35296E+02  1.58182E+02
 THETA2       -7.54782E+01  8.23975E+02  4.77289E+00  6.49275E+01  2.10802E+01 -1.78876E+01 -1.96941E+01  3.95067E+02 -5.57653E+02 -2.23115E+02  2.42937E+02 -1.74877E+02
 THETA3        8.48589E+01  4.77289E+00  4.50880E+01 -7.25652E-01 -2.61733E+00  5.85864E-01  6.33139E+01  4.03154E+00  3.30037E-01 -3.53740E+01 -6.14347E+01  1.65326E+01
 THETA4        7.37643E+00  6.49275E+01 -7.25652E-01  3.09421E+01  8.96173E-01  9.78060E-01  3.38839E+00  4.76673E+01 -3.37566E+01 -2.85296E+01  5.91009E+00 -1.24951E+01
 THETA5       -4.98704E+01  2.10802E+01 -2.61733E+00  8.96173E-01  9.52011E+01 -9.86979E+00 -4.55645E+01  1.78602E+01  1.67147E+01 -3.92539E+01 -1.54059E+01  2.87473E+01
 THETA6        1.95581E+01 -1.78876E+01  5.85864E-01  9.78060E-01 -9.86979E+00  5.97795E+01  1.27798E+01 -2.04358E+01 -1.43615E+01  1.19621E+01  2.21758E+00 -1.88602E+00
 THETA7        5.67633E+02 -1.96941E+01  6.33139E+01  3.38839E+00 -4.55645E+01  1.27798E+01  5.70159E+02 -2.55083E+01 -7.82063E+01 -1.11122E+02 -1.41285E+02  5.31004E+01
 THETA8       -2.47465E+01  3.95067E+02  4.03154E+00  4.76673E+01  1.78602E+01 -2.04358E+01 -2.55083E+01  3.91728E+02 -3.15568E+02 -7.03102E+01  1.05224E+02 -2.39897E+01
 SIGMA(1,1)   -2.19117E+02 -5.57653E+02  3.30037E-01 -3.37566E+01  1.67147E+01 -1.43615E+01 -7.82063E+01 -3.15568E+02  2.10694E+04  4.86421E+03  9.05237E+02  2.79127E+03
 OMEGA(1,1)   -1.17268E+02 -2.23115E+02 -3.53740E+01 -2.85296E+01 -3.92539E+01  1.19621E+01 -1.11122E+02 -7.03102E+01  4.86421E+03  1.27773E+04 -6.89655E+02  8.42958E+01
 OMEGA(2,1)   -6.35296E+02  2.42937E+02 -6.14347E+01  5.91009E+00 -1.54059E+01  2.21758E+00 -1.41285E+02  1.05224E+02  9.05237E+02 -6.89655E+02  1.77326E+04 -1.26589E+03
 OMEGA(2,2)    1.58182E+02 -1.74877E+02  1.65326E+01 -1.24951E+01  2.87473E+01 -1.88602E+00  5.31004E+01 -2.39897E+01  2.79127E+03  8.42958E+01 -1.26589E+03  5.42528E+03
