TABLE NO.     1: Iterative Two Stage (No Prior): Problem=1 Subproblem=0 Superproblem1=0 Iteration1=0 Superproblem2=0 Iteration2=0
 NAME         THETA1       THETA2       THETA3       THETA4       THETA5       THETA6       THETA7       THETA8       SIGMA(1,1)   OMEGA(1,1)   OMEGA(2,1)   OMEGA(2,2)
 THETA1        5.02827E-02  2.48801E-01 -4.60275E-01 -3.13608E-01  2.15375E-01  9.51130E-02 -6.26403E-01 -5.50437E-02  2.41054E-01 -1.32888E-01 -9.37726E-02 -6.63382E-02
 THETA2        2.48801E-01  4.37652E-02 -2.62395E-01 -2.54570E-01  2.04084E-01  8.27948E-02 -1.34219E-01 -4.76877E-01  1.57971E-01 -1.88678E-01 -1.09556E-02 -2.03620E-01
 THETA3       -4.60275E-01 -2.62395E-01  2.00080E-01  1.84112E-01 -2.84827E-01 -1.72860E-01 -5.82337E-02  1.18479E-01  1.61314E-02  1.47384E-01 -1.88087E-02 -2.08947E-02
 THETA4       -3.13608E-01 -2.54570E-01  1.84112E-01  2.50078E-01 -2.31063E-01  1.32389E-01  2.92292E-01 -7.96842E-02 -2.33592E-01  1.17959E-01  5.24938E-03  1.28058E-01
 THETA5        2.15375E-01  2.04084E-01 -2.84827E-01 -2.31063E-01  1.35227E-01  1.28387E-01 -2.89840E-01 -4.02349E-02  3.07204E-01 -3.47101E-01 -5.11778E-02  5.65222E-02
 THETA6        9.51130E-02  8.27948E-02 -1.72860E-01  1.32389E-01  1.28387E-01  1.48732E-01  2.89025E-02  5.33325E-02  8.83005E-03 -4.53542E-02  2.53032E-01 -1.22090E-01
 THETA7       -6.26403E-01 -1.34219E-01 -5.82337E-02  2.92292E-01 -2.89840E-01  2.89025E-02  6.27291E-02  1.36551E-01 -2.44076E-01  1.34037E-01  7.76563E-02  6.50589E-02
 THETA8       -5.50437E-02 -4.76877E-01  1.18479E-01 -7.96842E-02 -4.02349E-02  5.33325E-02  1.36551E-01  8.09134E-02  6.12388E-02  4.75846E-02  8.91084E-02  1.12318E-01
 SIGMA(1,1)    2.41054E-01  1.57971E-01  1.61314E-02 -2.33592E-01  3.07204E-01  8.83005E-03 -2.44076E-01  6.12388E-02  6.53471E-03 -3.28154E-01 -8.88334E-02 -8.95226E-02
 OMEGA(1,1)   -1.32888E-01 -1.88678E-01  1.47384E-01  1.17959E-01 -3.47101E-01 -4.53542E-02  1.34037E-01  4.75846E-02 -3.28154E-01  8.27257E-03  3.32953E-01  2.40134E-01
 OMEGA(2,1)   -9.37726E-02 -1.09556E-02 -1.88087E-02  5.24938E-03 -5.11778E-02  2.53032E-01  7.76563E-02  8.91084E-02 -8.88334E-02  3.32953E-01  1.04140E-02  2.94356E-01
 OMEGA(2,2)   -6.63382E-02 -2.03620E-01 -2.08947E-02  1.28058E-01  5.65222E-02 -1.22090E-01  6.50589E-02  1.12318E-01 -8.95226E-02  2.40134E-01  2.94356E-01  1.53545E-02
