TABLE NO.     1: Stochastic Approximation Expectation-Maximization (No Prior): Problem=1 Subproblem=0 Superproblem1=0 Iteration1=0 Superproblem2=0 Iteration2=0
 NAME         THETA1       THETA2       THETA3       THETA4       THETA5       THETA6       THETA7       THETA8       SIGMA(1,1)   OMEGA(1,1)   OMEGA(2,1)   OMEGA(2,2)
 THETA1        1.29386E+03 -1.12219E+02  1.71218E+02  7.90151E+00  7.81655E+01 -2.15836E+01  6.95147E+02 -8.72252E+01 -5.73322E+02 -4.66989E+02  4.62079E+02  6.77972E+01
 THETA2       -1.12219E+02  7.98586E+02  7.90151E+00  3.20872E+01 -2.15836E+01 -1.58935E+01 -8.72252E+01  2.11354E+02 -4.09806E+02  3.53119E+02 -1.32427E+02  2.93091E+02
 THETA3        1.71218E+02  7.90151E+00  5.52290E+01 -2.88733E+00  2.13540E+01  4.73767E+00  1.11040E+02 -1.67683E+01 -1.98594E+02 -1.31867E+02  3.51694E+01  4.82426E+01
 THETA4        7.90151E+00  3.20872E+01 -2.88733E+00  2.04044E+01  4.73767E+00 -8.76555E+00 -1.67683E+01  1.72278E+01  8.74129E+01  2.80324E+01  5.88251E+01 -4.87184E+01
 THETA5        7.81655E+01 -2.15836E+01  2.13540E+01  4.73767E+00  8.38652E+01 -7.90181E+00  7.30649E+01 -4.60626E+00 -2.37682E+02  2.38221E+02  6.84335E+01 -1.26435E+02
 THETA6       -2.15836E+01 -1.58935E+01  4.73767E+00 -8.76555E+00 -7.90181E+00  5.34379E+01 -4.60626E+00 -1.37303E+01 -1.13033E+01  5.43586E+01 -2.71719E+02  1.13890E+02
 THETA7        6.95147E+02 -8.72252E+01  1.11040E+02 -1.67683E+01  7.30649E+01 -4.60626E+00  6.95147E+02 -8.72252E+01  1.20018E+02 -3.02541E+02  1.67722E+02  1.89765E+01
 THETA8       -8.72252E+01  2.11354E+02 -1.67683E+01  1.72278E+01 -4.60626E+00 -1.37303E+01 -8.72252E+01  2.11354E+02 -2.27864E+02  1.15074E+02 -6.49177E+01 -4.15502E+01
 SIGMA(1,1)   -5.73322E+02 -4.09806E+02 -1.98594E+02  8.74129E+01 -2.37682E+02 -1.13033E+01  1.20018E+02 -2.27864E+02  3.02354E+04  7.49947E+03 -9.27892E+01  1.74900E+02
 OMEGA(1,1)   -4.66989E+02  3.53119E+02 -1.31867E+02  2.80324E+01  2.38221E+02  5.43586E+01 -3.02541E+02  1.15074E+02  7.49947E+03  1.89768E+04 -2.74932E+03 -1.41919E+03
 OMEGA(2,1)    4.62079E+02 -1.32427E+02  3.51694E+01  5.88251E+01  6.84335E+01 -2.71719E+02  1.67722E+02 -6.49177E+01 -9.27892E+01 -2.74932E+03  1.16275E+04 -2.00441E+03
 OMEGA(2,2)    6.77972E+01  2.93091E+02  4.82426E+01 -4.87184E+01 -1.26435E+02  1.13890E+02  1.89765E+01 -4.15502E+01  1.74900E+02 -1.41919E+03 -2.00441E+03  4.73224E+03
TABLE NO.     2: Objective Function Evaluation by Importance Sampling (No Prior): Problem=1 Subproblem=0 Superproblem1=0 Iteration1=0 Superproblem2=0 Iteration2=0
 NAME         THETA1       THETA2       THETA3       THETA4       THETA5       THETA6       THETA7       THETA8       SIGMA(1,1)   OMEGA(1,1)   OMEGA(2,1)   OMEGA(2,2)
 THETA1        1.30581E+03 -1.12259E+02  8.88003E+01 -8.74293E-01 -5.14060E+01  1.99287E+01  5.96799E+02 -4.67557E+01 -3.34343E+02  9.42950E+01 -6.64215E+02  2.21107E+02
 THETA2       -1.12259E+02  8.10760E+02 -8.74293E-01  6.27046E+01  1.99287E+01 -2.01070E+01 -4.67557E+01  3.82943E+02 -5.08451E+02 -2.18725E+02  1.75519E+02 -1.12226E+02
 THETA3        8.88003E+01 -8.74293E-01  4.65288E+01 -2.72980E+00 -1.99369E-01  1.35723E+00  6.50222E+01 -1.48700E+00 -1.25718E+01 -3.22298E+00 -7.14855E+01  1.84749E+01
 THETA4       -8.74293E-01  6.27046E+01 -2.72980E+00  2.97621E+01  1.35723E+00  1.60826E+00 -1.48700E+00  4.48646E+01 -3.84451E+01 -2.48331E+01 -8.00229E-01 -4.51067E+00
 THETA5       -5.14060E+01  1.99287E+01 -1.99369E-01  1.35723E+00  9.76615E+01 -1.21210E+01 -4.52204E+01  1.57958E+01  3.64408E+01 -3.95573E+01 -2.31241E+01  1.43240E+01
 THETA6        1.99287E+01 -2.01070E+01  1.35723E+00  1.60826E+00 -1.21210E+01  5.98576E+01  1.57958E+01 -1.95690E+01 -8.48748E+00  8.13250E+00  3.30799E+00  6.21351E+00
 THETA7        5.96799E+02 -4.67557E+01  6.50222E+01 -1.48700E+00 -4.52204E+01  1.57958E+01  5.96799E+02 -4.67557E+01 -1.00679E+02 -1.79340E+01 -2.05372E+02  7.42584E+01
 THETA8       -4.67557E+01  3.82943E+02 -1.48700E+00  4.48646E+01  1.57958E+01 -1.95690E+01 -4.67557E+01  3.82943E+02 -2.81727E+02 -8.95834E+01  4.78532E+01  7.28420E+00
 SIGMA(1,1)   -3.34343E+02 -5.08451E+02 -1.25718E+01 -3.84451E+01  3.64408E+01 -8.48748E+00 -1.00679E+02 -2.81727E+02  2.69852E+04  5.08042E+03  4.43097E+02  2.17947E+03
 OMEGA(1,1)    9.42950E+01 -2.18725E+02 -3.22298E+00 -2.48331E+01 -3.95573E+01  8.13250E+00 -1.79340E+01 -8.95834E+01  5.08042E+03  1.29073E+04 -1.68581E+03  7.04622E+01
 OMEGA(2,1)   -6.64215E+02  1.75519E+02 -7.14855E+01 -8.00229E-01 -2.31241E+01  3.30799E+00 -2.05372E+02  4.78532E+01  4.43097E+02 -1.68581E+03  1.75345E+04 -1.73542E+03
 OMEGA(2,2)    2.21107E+02 -1.12226E+02  1.84749E+01 -4.51067E+00  1.43240E+01  6.21351E+00  7.42584E+01  7.28420E+00  2.17947E+03  7.04622E+01 -1.73542E+03  5.40180E+03
