TABLE NO.     1: First Order: Problem=1 Subproblem=0 Superproblem1=0 Iteration1=0 Superproblem2=0 Iteration2=0
 NAME         THETA1       THETA2       THETA3       SIGMA(1,1)   OMEGA(1,1)   OMEGA(2,1)   OMEGA(2,2)   OMEGA(3,1)   OMEGA(3,2)   OMEGA(3,3)
 THETA1        7.08125E-01  2.27051E-01  1.41584E-02 -1.70610E-01  9.69092E-01  4.35702E-01  8.47120E-02  8.83532E-03  7.38001E-03  4.09029E-02
 THETA2        2.27051E-01  7.26372E-03  9.47067E-01  2.61303E-01  1.78261E-01  7.11765E-01  4.71607E-01  4.60093E-01 -5.67873E-02 -2.42277E-01
 THETA3        1.41584E-02  9.47067E-01  4.53135E-03  1.27068E-01 -1.75020E-02  5.94888E-01  3.86104E-01  4.77578E-01 -4.94928E-02 -1.72242E-01
 SIGMA(1,1)   -1.70610E-01  2.61303E-01  1.27068E-01  1.05226E-01 -2.68430E-01  4.54370E-01  5.84744E-01  3.51454E-01  2.41506E-01 -6.80867E-02
 OMEGA(1,1)    9.69092E-01  1.78261E-01 -1.75020E-02 -2.68430E-01  4.83056E+00  3.18522E-01 -1.22830E-02 -1.38227E-01 -1.29968E-01 -8.43784E-02
 OMEGA(2,1)    4.35702E-01  7.11765E-01  5.94888E-01  4.54370E-01  3.18522E-01  1.40213E-02  8.22088E-01  7.56792E-01  4.39146E-01  1.95315E-01
 OMEGA(2,2)    8.47120E-02  4.71607E-01  3.86104E-01  5.84744E-01 -1.22830E-02  8.22088E-01  1.22425E-04  7.04935E-01  6.87723E-01  3.28977E-01
 OMEGA(3,1)    8.83532E-03  4.60093E-01  4.77578E-01  3.51454E-01 -1.38227E-01  7.56792E-01  7.04935E-01  4.74603E-01  6.64934E-01  5.10488E-01
 OMEGA(3,2)    7.38001E-03 -5.67873E-02 -4.94928E-02  2.41506E-01 -1.29968E-01  4.39146E-01  6.87723E-01  6.64934E-01  3.72567E-03  8.94973E-01
 OMEGA(3,3)    4.09029E-02 -2.42277E-01 -1.72242E-01 -6.80867E-02 -8.43784E-02  1.95315E-01  3.28977E-01  5.10488E-01  8.94973E-01  2.11569E-01
