TABLE NO.     1: Importance Sampling (No Prior): Problem=1 Subproblem=0 Superproblem1=0 Iteration1=0 Superproblem2=0 Iteration2=0
 NAME         THETA1       THETA2       THETA3       SIGMA(1,1)   SIGMA(2,1)   SIGMA(2,2)   OMEGA(1,1)   OMEGA(2,1)   OMEGA(2,2)   OMEGA(3,1)   OMEGA(3,2)   OMEGA(3,3)
 THETA1        2.44472E-02 -2.84780E-02  1.76790E-01  1.81966E-02  0.00000E+00  6.53364E-04 -7.33023E-03 -9.35735E-04 -1.82605E-03 -2.12282E-03  2.33787E-03  2.60645E-03
 THETA2       -2.84780E-02  2.81100E-02 -1.93961E-01  1.74627E-02  0.00000E+00 -1.13185E-03  4.97763E-03 -1.55198E-03 -6.19807E-03  3.31618E-03  2.90116E-03  1.53679E-03
 THETA3        1.76790E-01 -1.93961E-01  3.06468E-02  1.25919E-02  0.00000E+00 -6.13761E-02  8.50347E-04  2.21545E-03  5.71110E-03  2.22236E-03 -3.23415E-03 -1.16007E-02
 SIGMA(1,1)    1.81966E-02  1.74627E-02  1.25919E-02  6.58835E-04  0.00000E+00 -1.92789E-02 -1.53475E-02 -1.70837E-02 -9.42561E-03 -1.29374E-02 -7.73049E-03 -1.00965E-02
 SIGMA(2,1)    0.00000E+00  0.00000E+00  0.00000E+00  0.00000E+00  0.00000E+00  0.00000E+00  0.00000E+00  0.00000E+00  0.00000E+00  0.00000E+00  0.00000E+00  0.00000E+00
 SIGMA(2,2)    6.53364E-04 -1.13185E-03 -6.13761E-02 -1.92789E-02  0.00000E+00  2.79804E-03 -5.38803E-03 -5.21549E-04 -1.44359E-02  2.21892E-04  1.10893E-02 -4.68097E-02
 OMEGA(1,1)   -7.33023E-03  4.97763E-03  8.50347E-04 -1.53475E-02  0.00000E+00 -5.38803E-03  5.93976E-03 -5.00294E-02  6.09656E-03  2.53911E-01 -1.18097E-02  3.15824E-02
 OMEGA(2,1)   -9.35735E-04 -1.55198E-03  2.21545E-03 -1.70837E-02  0.00000E+00 -5.21549E-04 -5.00294E-02  4.83572E-03 -5.78462E-02 -2.05687E-01  1.88019E-01 -5.33175E-02
 OMEGA(2,2)   -1.82605E-03 -6.19807E-03  5.71110E-03 -9.42561E-03  0.00000E+00 -1.44359E-02  6.09656E-03 -5.78462E-02  7.83543E-03  1.31014E-02 -2.89748E-01  4.09416E-02
 OMEGA(3,1)   -2.12282E-03  3.31618E-03  2.22236E-03 -1.29374E-02  0.00000E+00  2.21892E-04  2.53911E-01 -2.05687E-01  1.31014E-02  5.33678E-03 -7.12292E-02  2.52260E-01
 OMEGA(3,2)    2.33787E-03  2.90116E-03 -3.23415E-03 -7.73049E-03  0.00000E+00  1.10893E-02 -1.18097E-02  1.88019E-01 -2.89748E-01 -7.12292E-02  6.17440E-03 -2.76482E-01
 OMEGA(3,3)    2.60645E-03  1.53679E-03 -1.16007E-02 -1.00965E-02  0.00000E+00 -4.68097E-02  3.15824E-02 -5.33175E-02  4.09416E-02  2.52260E-01 -2.76482E-01  9.29198E-03
