TABLE NO.     1: Importance Sampling (No Prior): Problem=1 Subproblem=0 Superproblem1=0 Iteration1=0 Superproblem2=0 Iteration2=0
 NAME         THETA1       THETA2       THETA3       SIGMA(1,1)   SIGMA(2,1)   SIGMA(2,2)   OMEGA(1,1)   OMEGA(2,1)   OMEGA(2,2)   OMEGA(3,1)   OMEGA(3,2)   OMEGA(3,3)
 THETA1        1.72812E+03 -8.87011E+00 -2.46222E+02 -1.02575E+03  0.00000E+00 -1.83776E+02  4.85317E+01  2.18995E+01  8.01674E+00  2.10521E+01 -3.24185E+01 -3.42099E+01
 THETA2       -8.87011E+00  1.31591E+03  2.36618E+02 -1.10206E+03  0.00000E+00  1.70869E+02 -2.89641E+01  3.34633E+00  2.26004E+01 -2.29507E+01 -6.42218E+00  6.65869E+00
 THETA3       -2.46222E+02  2.36618E+02  1.14639E+03 -6.17231E+02  0.00000E+00  7.81160E+02 -9.23806E+00 -3.22436E+01 -1.34349E+01 -5.27222E+01  3.84916E+01  6.94860E+01
 SIGMA(1,1)   -1.02575E+03 -1.10206E+03 -6.17231E+02  2.30889E+06  0.00000E+00  1.04265E+04  3.38320E+03  6.04312E+03  2.62264E+03  3.24557E+03  2.95715E+03  1.87028E+03
 SIGMA(2,1)    0.00000E+00  0.00000E+00  0.00000E+00  0.00000E+00  0.00000E+00  0.00000E+00  0.00000E+00  0.00000E+00  0.00000E+00  0.00000E+00  0.00000E+00  0.00000E+00
 SIGMA(2,2)   -1.83776E+02  1.70869E+02  7.81160E+02  1.04265E+04  0.00000E+00  1.28645E+05  4.62670E+02  2.44950E+01  6.57757E+02 -1.01507E+03  4.04420E+02  2.04113E+03
 OMEGA(1,1)    4.85317E+01 -2.89641E+01 -9.23806E+00  3.38320E+03  0.00000E+00  4.62670E+02  3.03433E+04 -9.76491E+01 -7.64320E+01 -8.88525E+03  7.40925E+01  6.96672E+02
 OMEGA(2,1)    2.18995E+01  3.34633E+00 -3.22436E+01  6.04312E+03  0.00000E+00  2.44950E+01 -9.76491E+01  4.62341E+04  9.99468E+01  8.62605E+03 -6.73797E+03 -1.20299E+03
 OMEGA(2,2)    8.01674E+00  2.26004E+01 -1.34349E+01  2.62264E+03  0.00000E+00  6.57757E+02 -7.64320E+01  9.99468E+01  1.78207E+04 -2.47569E+01  6.80580E+03  6.53489E+02
 OMEGA(3,1)    2.10521E+01 -2.29507E+01 -5.27222E+01  3.24557E+03  0.00000E+00 -1.01507E+03 -8.88525E+03  8.62605E+03 -2.47569E+01  4.17106E+04 -1.24620E+03 -5.86664E+03
 OMEGA(3,2)   -3.24185E+01 -6.42218E+00  3.84916E+01  2.95715E+03  0.00000E+00  4.04420E+02  7.40925E+01 -6.73797E+03  6.80580E+03 -1.24620E+03  3.19999E+04  5.64576E+03
 OMEGA(3,3)   -3.42099E+01  6.65869E+00  6.94860E+01  1.87028E+03  0.00000E+00  2.04113E+03  6.96672E+02 -1.20299E+03  6.53489E+02 -5.86664E+03  5.64576E+03  1.34322E+04
