TABLE NO.     1: Importance Sampling (No Prior): Problem=1 Subproblem=0 Superproblem1=0 Iteration1=0 Superproblem2=0 Iteration2=0
 NAME         THETA1       THETA2       THETA3       SIGMA(1,1)   SIGMA(2,1)   SIGMA(2,2)   OMEGA(1,1)   OMEGA(2,1)   OMEGA(2,2)   OMEGA(3,1)   OMEGA(3,2)   OMEGA(3,3)
 THETA1        5.97667E-04 -1.95726E-05  1.32458E-04  2.93089E-07  0.00000E+00  4.46799E-08 -1.06443E-06 -1.10616E-07 -3.49778E-07 -2.76973E-07  3.52895E-07  5.92082E-07
 THETA2       -1.95726E-05  7.90179E-04 -1.67097E-04  3.23413E-07  0.00000E+00 -8.90523E-08  8.31105E-07 -2.10961E-07 -1.36517E-06  4.97483E-07  5.03548E-07  4.01400E-07
 THETA3        1.32458E-04 -1.67097E-04  9.39226E-04  2.54242E-07  0.00000E+00 -5.26306E-06  1.54782E-07  3.28327E-07  1.37143E-06  3.63478E-07 -6.11995E-07 -3.30352E-06
 SIGMA(1,1)    2.93089E-07  3.23413E-07  2.54242E-07  4.34061E-07  0.00000E+00 -3.55389E-08 -6.00594E-08 -5.44267E-08 -4.86581E-08 -4.54886E-08 -3.14458E-08 -6.18095E-08
 SIGMA(2,1)    0.00000E+00  0.00000E+00  0.00000E+00  0.00000E+00  0.00000E+00  0.00000E+00  0.00000E+00  0.00000E+00  0.00000E+00  0.00000E+00  0.00000E+00  0.00000E+00
 SIGMA(2,2)    4.46799E-08 -8.90523E-08 -5.26306E-06 -3.55389E-08  0.00000E+00  7.82905E-06 -8.95476E-08 -7.05742E-09 -3.16488E-07  3.31295E-09  1.91579E-07 -1.21702E-06
 OMEGA(1,1)   -1.06443E-06  8.31105E-07  1.54782E-07 -6.00594E-08  0.00000E+00 -8.95476E-08  3.52808E-05 -1.43712E-06  2.83742E-07  8.04886E-06 -4.33144E-07  1.74314E-06
 OMEGA(2,1)   -1.10616E-07 -2.10961E-07  3.28327E-07 -5.44267E-08  0.00000E+00 -7.05742E-09 -1.43712E-06  2.33844E-05 -2.19197E-06 -5.30833E-06  5.61393E-06 -2.39581E-06
 OMEGA(2,2)   -3.49778E-07 -1.36517E-06  1.37143E-06 -4.86581E-08  0.00000E+00 -3.16488E-07  2.83742E-07 -2.19197E-06  6.13947E-05  5.47892E-07 -1.40181E-05  2.98095E-06
 OMEGA(3,1)   -2.76973E-07  4.97483E-07  3.63478E-07 -4.54886E-08  0.00000E+00  3.31295E-09  8.04886E-06 -5.30833E-06  5.47892E-07  2.84813E-05 -2.34724E-06  1.25095E-05
 OMEGA(3,2)    3.52895E-07  5.03548E-07 -6.11995E-07 -3.14458E-08  0.00000E+00  1.91579E-07 -4.33144E-07  5.61393E-06 -1.40181E-05 -2.34724E-06  3.81235E-05 -1.58628E-05
 OMEGA(3,3)    5.92082E-07  4.01400E-07 -3.30352E-06 -6.18095E-08  0.00000E+00 -1.21702E-06  1.74314E-06 -2.39581E-06  2.98095E-06  1.25095E-05 -1.58628E-05  8.63411E-05
