TABLE NO.     1: Importance Sampling (No Prior): Problem=1 Subproblem=0 Superproblem1=0 Iteration1=0 Superproblem2=0 Iteration2=0
 NAME         THETA1       THETA2       THETA3       SIGMA(1,1)   SIGMA(2,1)   SIGMA(2,2)   OMEGA(1,1)   OMEGA(2,1)   OMEGA(2,2)   OMEGA(3,1)   OMEGA(3,2)   OMEGA(3,3)
 THETA1        2.44472E-02 -2.84811E-02  1.76792E-01  1.81968E-02  0.00000E+00  6.53173E-04 -7.33026E-03 -9.35676E-04 -1.82599E-03 -2.12289E-03  2.33786E-03  2.60641E-03
 THETA2       -2.84811E-02  2.81101E-02 -1.93964E-01  1.74630E-02  0.00000E+00 -1.13221E-03  4.97765E-03 -1.55194E-03 -6.19812E-03  3.31616E-03  2.90122E-03  1.53676E-03
 THETA3        1.76792E-01 -1.93964E-01  3.06468E-02  1.25917E-02  0.00000E+00 -6.13760E-02  8.50288E-04  2.21543E-03  5.71115E-03  2.22235E-03 -3.23419E-03 -1.16007E-02
 SIGMA(1,1)    1.81968E-02  1.74630E-02  1.25917E-02  6.58833E-04  0.00000E+00 -1.92786E-02 -1.53475E-02 -1.70834E-02 -9.42571E-03 -1.29374E-02 -7.73020E-03 -1.00965E-02
 SIGMA(2,1)    0.00000E+00  0.00000E+00  0.00000E+00  0.00000E+00  0.00000E+00  0.00000E+00  0.00000E+00  0.00000E+00  0.00000E+00  0.00000E+00  0.00000E+00  0.00000E+00
 SIGMA(2,2)    6.53173E-04 -1.13221E-03 -6.13760E-02 -1.92786E-02  0.00000E+00  2.79804E-03 -5.38803E-03 -5.21589E-04 -1.44357E-02  2.21861E-04  1.10891E-02 -4.68096E-02
 OMEGA(1,1)   -7.33026E-03  4.97765E-03  8.50288E-04 -1.53475E-02  0.00000E+00 -5.38803E-03  5.93976E-03 -5.00335E-02  6.09662E-03  2.53913E-01 -1.18104E-02  3.15831E-02
 OMEGA(2,1)   -9.35676E-04 -1.55194E-03  2.21543E-03 -1.70834E-02  0.00000E+00 -5.21589E-04 -5.00335E-02  4.83574E-03 -5.78505E-02 -2.05691E-01  1.88021E-01 -5.33189E-02
 OMEGA(2,2)   -1.82599E-03 -6.19812E-03  5.71115E-03 -9.42571E-03  0.00000E+00 -1.44357E-02  6.09662E-03 -5.78505E-02  7.83547E-03  1.31024E-02 -2.89753E-01  4.09431E-02
 OMEGA(3,1)   -2.12289E-03  3.31616E-03  2.22235E-03 -1.29374E-02  0.00000E+00  2.21861E-04  2.53913E-01 -2.05691E-01  1.31024E-02  5.33679E-03 -7.12330E-02  2.52262E-01
 OMEGA(3,2)    2.33786E-03  2.90122E-03 -3.23419E-03 -7.73020E-03  0.00000E+00  1.10891E-02 -1.18104E-02  1.88021E-01 -2.89753E-01 -7.12330E-02  6.17443E-03 -2.76487E-01
 OMEGA(3,3)    2.60641E-03  1.53676E-03 -1.16007E-02 -1.00965E-02  0.00000E+00 -4.68096E-02  3.15831E-02 -5.33189E-02  4.09431E-02  2.52262E-01 -2.76487E-01  9.29199E-03
