TABLE NO.     1: First Order Conditional Estimation with Interaction (No Prior): Problem=1 Subproblem=0 Superproblem1=0 Iteration1=0 Superproblem2=0 Iteration2=0
 NAME         THETA1       THETA2       THETA3       THETA4       THETA5       THETA6       THETA7       THETA8       SIGMA(1,1)   SIGMA(2,1)   SIGMA(2,2)   OMEGA(1,1)   OMEGA(2,1)   OMEGA(2,2)   OMEGA(3,1)   OMEGA(3,2)   OMEGA(3,3)   OMEGA(4,1)   OMEGA(4,2)   OMEGA(4,3)   OMEGA(4,4)   OMEGA(5,1)   OMEGA(5,2)   OMEGA(5,3)   OMEGA(5,4)   OMEGA(5,5)   OMEGA(6,1)   OMEGA(6,2)   OMEGA(6,3)   OMEGA(6,4)   OMEGA(6,5)   OMEGA(6,6)   OMEGA(7,1)   OMEGA(7,2)   OMEGA(7,3)   OMEGA(7,4)   OMEGA(7,5)   OMEGA(7,6)   OMEGA(7,7)   OMEGA(8,1)   OMEGA(8,2)   OMEGA(8,3)   OMEGA(8,4)   OMEGA(8,5)   OMEGA(8,6)   OMEGA(8,7)   OMEGA(8,8)
 THETA1        3.40235E+02  2.06120E+02  8.43827E+00 -2.07129E+01 -1.20596E+02 -6.41206E+01  9.47504E+01 -2.69315E+02 -6.86200E+01  0.00000E+00 -1.46870E+02 -2.85129E+01 -6.06380E+01  9.45191E+00 -7.98795E+01 -1.20168E+02 -4.45591E+01  2.56772E+01  6.68823E+01  3.61352E+01  4.89691E+00  8.96196E+01  1.05785E+02  9.27309E+01 -1.95877E+01 -6.76017E+01  2.96374E+01  1.37330E+01  5.19368E+01 -1.40247E+01 -5.65931E+01 -3.80617E+00 -1.04767E+02 -1.79926E+02 -1.14800E+02  3.58860E+01  1.19247E+02  6.62001E+01 -7.87634E+01  6.94979E+01  4.90797E+01  1.42593E+02 -6.09776E+01 -1.06825E+02 -8.97434E+00  1.78586E+02 -3.04323E+01
 THETA2        2.06120E+02  4.90883E+02  1.10489E+02 -1.68285E+01 -1.80436E+02 -1.26386E+02  2.28905E+02 -3.85344E+02 -3.45581E+02  0.00000E+00  2.59142E+02 -6.38167E+01 -1.42278E+02  2.09680E+01 -1.89034E+02 -2.59509E+02 -5.57393E+01  6.71489E+01  1.32579E+02 -6.70741E+00 -1.33457E+01  1.88722E+02  2.30768E+02  2.23501E+02 -4.53587E+01 -1.38616E+02  7.86557E+01  3.38650E+01  1.10176E+02 -8.20603E+00 -1.27834E+02 -1.55250E+01 -2.54187E+02 -4.07580E+02 -2.32404E+02  7.05231E+01  2.83084E+02  1.67912E+02 -1.83847E+02  1.97310E+02  1.35529E+02  2.85146E+02 -9.92935E+01 -2.64541E+02 -6.07413E+01  4.41658E+02 -1.20511E+02
 THETA3        8.43827E+00  1.10489E+02  5.37292E+02  1.52469E+01 -4.70409E+01 -9.79809E+01  3.65296E+01 -2.15951E+02 -6.54744E+02  0.00000E+00  7.37566E+02 -2.72302E+01 -7.93107E+01 -1.17959E+01 -1.01185E+02 -7.27574E+01  1.00699E+02  2.80219E+01 -1.34137E+01 -1.97038E+02 -6.82520E+01  8.15225E+01  1.06734E+02  1.07256E+02  2.90431E+00 -5.81686E+01  4.62804E+01  1.73151E+01  1.59302E+01  7.34069E+01 -6.22782E+01 -1.32268E+01 -9.75841E+01 -1.20316E+02 -3.78325E+01 -1.16843E+01  1.08546E+02  6.02181E+01 -5.29816E+01  1.09313E+02  7.42956E+01  5.70753E+01  8.85267E+01 -1.32627E+02 -5.44321E+01  1.48443E+02 -7.57322E+01
 THETA4       -2.07129E+01 -1.68285E+01  1.52469E+01  2.71760E+02  1.93650E+01 -4.85783E+01  1.14888E+02 -9.67127E+01  1.01827E+02  0.00000E+00  1.15579E+02  1.53712E+00 -9.39045E-01 -1.16165E+00 -1.20892E+01  1.16341E+01  3.89758E+01 -2.38177E+00 -1.13190E+01 -5.12723E+01 -3.19383E+01  1.49217E-01 -4.76267E+00 -1.83997E+00  3.52103E+00 -1.20302E+00  4.96866E+00 -1.88896E+00 -5.69044E+00  1.72591E+01 -4.67458E+00 -3.47219E+00  2.57254E+00  1.94267E+01  2.73043E+01 -1.01712E+01 -9.58853E+00 -1.52747E+01  1.25451E+01  5.52130E+00  3.50986E+00 -4.29416E+00  4.41432E+01 -4.96308E+00 -1.43871E+01 -1.55743E+01 -1.30507E+01
 THETA5       -1.20596E+02 -1.80436E+02 -4.70409E+01  1.93650E+01  4.39741E+02  1.62693E+02 -1.47210E+02  1.78730E+02  7.38244E+01  0.00000E+00  2.50097E+01  3.59331E+01  8.84909E+01  5.99880E+00  1.09048E+02  1.40737E+02  3.12779E+01 -1.74456E+01 -4.68338E+01 -5.21239E+00 -8.21049E-01 -1.37855E+02 -1.50894E+02 -1.29343E+02  3.25190E+00  1.05500E+02 -5.84467E+01 -1.21510E+01 -5.08685E+01 -9.94390E+00  7.66126E+01 -9.63409E+00  1.15314E+02  1.81467E+02  1.26858E+02 -2.92781E+01 -1.32273E+02 -4.82337E+01  7.18601E+01 -8.74157E+01 -5.05965E+01 -1.53254E+02  2.63345E+01  1.38285E+02 -5.80956E+00 -1.68197E+02  1.92152E+01
 THETA6       -6.41206E+01 -1.26386E+02 -9.79809E+01 -4.85783E+01  1.62693E+02  3.19325E+02 -1.28353E+02  2.16886E+02  2.25390E+02  0.00000E+00 -8.16595E+01  3.03958E+01  7.89824E+01  1.08159E+01  9.49090E+01  1.07311E+02 -8.05113E+00 -1.01377E+01 -1.89365E+01  4.70406E+01  1.44592E+01 -1.19488E+02 -1.35758E+02 -1.13538E+02 -1.19905E+01  9.78002E+01 -5.21124E+01 -1.91063E+01 -3.81526E+01 -4.01237E+01  8.83296E+01  5.66379E+00  9.84286E+01  1.47295E+02  8.90316E+01 -1.65513E+01 -1.11770E+02 -3.42109E+01  5.20154E+01 -8.23827E+01 -5.46434E+01 -1.13614E+02 -2.10705E+01  1.33543E+02  1.51179E+01 -1.38723E+02  3.05417E+01
 THETA7        9.47504E+01  2.28905E+02  3.65296E+01  1.14888E+02 -1.47210E+02 -1.28353E+02  4.28439E+02 -3.02175E+02 -1.62701E+02  0.00000E+00  1.26754E+02 -2.77398E+01 -6.01081E+01  1.58124E+01 -9.26178E+01 -1.11638E+02 -1.08839E+01  2.59412E+01  5.42341E+01 -1.56421E+01 -1.56887E+01  8.97590E+01  9.48433E+01  9.90292E+01 -1.51873E+01 -6.75917E+01  4.16446E+01  1.22291E+01  5.02159E+01  3.81170E+00 -6.23425E+01 -6.91748E+00 -1.11901E+02 -1.73741E+02 -1.01479E+02  2.90975E+01  1.20809E+02  6.00062E+01 -7.33560E+01  8.63066E+01  5.50814E+01  1.41045E+02 -2.55727E+01 -1.18093E+02 -3.43518E+01  1.87537E+02 -5.73301E+01
 THETA8       -2.69315E+02 -3.85344E+02 -2.15951E+02 -9.67127E+01  1.78730E+02  2.16886E+02 -3.02175E+02  7.36590E+02  3.52867E+02  0.00000E+00 -3.48384E+02  6.08150E+01  1.41199E+02 -1.14776E+01  1.88769E+02  2.37813E+02  1.75202E+01 -5.63389E+01 -1.04701E+02  5.03879E+01  3.46421E+01 -1.92611E+02 -2.33751E+02 -2.13201E+02  2.76852E+01  1.46743E+02 -7.63363E+01 -3.12841E+01 -9.58682E+01 -2.21295E+01  1.33073E+02  1.56936E+01  2.25955E+02  3.58725E+02  2.00154E+02 -5.36574E+01 -2.53934E+02 -1.33858E+02  1.55199E+02 -1.73409E+02 -1.19465E+02 -2.67494E+02  4.39763E+01  2.50415E+02  4.49188E+01 -3.68116E+02  9.15776E+01
 SIGMA(1,1)   -6.86200E+01 -3.45581E+02 -6.54744E+02  1.01827E+02  7.38244E+01  2.25390E+02 -1.62701E+02  3.52867E+02  2.48196E+06  0.00000E+00  4.10546E+04  3.27760E+02  4.16166E+03  7.42140E+03  2.96379E+03  9.75673E+03  6.24336E+03 -1.41935E+03 -2.04349E+03  2.43730E+03  1.35790E+03 -1.94669E+03 -6.66235E+03 -4.73201E+03  9.37461E+02  1.69258E+03 -2.23293E+03 -5.78921E+03 -4.18500E+03  1.35379E+02  2.83589E+03  9.25367E+02  1.92780E+03  6.08414E+03  5.17905E+03  2.63078E+02 -3.50347E+03 -3.34368E+03  1.74361E+03 -3.15108E+03 -1.21466E+04 -1.00712E+04  7.00317E+02  5.68355E+03  5.11204E+03 -5.90418E+03  5.35210E+03
 SIGMA(2,1)    0.00000E+00  0.00000E+00  0.00000E+00  0.00000E+00  0.00000E+00  0.00000E+00  0.00000E+00  0.00000E+00  0.00000E+00  0.00000E+00  0.00000E+00  0.00000E+00  0.00000E+00  0.00000E+00  0.00000E+00  0.00000E+00  0.00000E+00  0.00000E+00  0.00000E+00  0.00000E+00  0.00000E+00  0.00000E+00  0.00000E+00  0.00000E+00  0.00000E+00  0.00000E+00  0.00000E+00  0.00000E+00  0.00000E+00  0.00000E+00  0.00000E+00  0.00000E+00  0.00000E+00  0.00000E+00  0.00000E+00  0.00000E+00  0.00000E+00  0.00000E+00  0.00000E+00  0.00000E+00  0.00000E+00  0.00000E+00  0.00000E+00  0.00000E+00  0.00000E+00  0.00000E+00  0.00000E+00
 SIGMA(2,2)   -1.46870E+02  2.59142E+02  7.37566E+02  1.15579E+02  2.50097E+01 -8.16595E+01  1.26754E+02 -3.48384E+02  4.10546E+04  0.00000E+00  6.84585E+05  1.21327E+03  3.17300E+03  2.59980E+03 -4.47819E+02  1.30920E+03  1.37608E+03  3.97746E+02  7.67648E+02  3.48657E+02  8.89363E+01 -2.53933E+03 -4.51929E+03 -1.61467E+03 -4.88179E+02  2.31864E+03 -1.56743E+03 -4.22016E+03 -3.32587E+03 -1.01539E+03  4.61928E+03  2.98143E+03  1.52471E+03  2.43326E+03  6.19369E+02  4.33757E+02 -2.43223E+03 -2.45100E+03  6.35040E+02 -3.67062E+03 -6.15779E+03 -1.29556E+03 -1.12896E+03  5.51729E+03  5.34245E+03 -3.14055E+03  3.76488E+03
 OMEGA(1,1)   -2.85129E+01 -6.38167E+01 -2.72302E+01  1.53712E+00  3.59331E+01  3.03958E+01 -2.77398E+01  6.08150E+01  3.27760E+02  0.00000E+00  1.21327E+03  1.14012E+03  1.45092E+03  6.20511E+02  5.65902E+01  1.18673E+02  2.98611E+01 -1.28479E+02 -6.55146E+01 -5.06993E+01  6.64718E+00 -8.90490E+02 -6.96037E+02  1.72051E+02  7.71233E+01  2.00878E+02 -5.65049E+02 -6.23541E+02 -7.97885E+01  1.05599E+02  3.71333E+02  1.90664E+02  7.37628E+02  6.85166E+02  3.60605E+00 -1.04480E+01 -3.69768E+02 -3.39505E+02  1.80779E+02 -1.85677E+03 -1.41049E+03 -1.55337E+02  1.53623E+02  8.11999E+02  6.88610E+02 -7.63327E+02  8.44891E+02
 OMEGA(2,1)   -6.06380E+01 -1.42278E+02 -7.93107E+01 -9.39045E-01  8.84909E+01  7.89824E+01 -6.01081E+01  1.41199E+02  4.16166E+03  0.00000E+00  3.17300E+03  1.45092E+03  4.68918E+03  2.96191E+03  9.00362E+02  9.91549E+02  9.35462E+01 -2.51694E+02 -4.70649E+02 -4.74526E+02 -1.34601E+00 -1.97252E+03 -2.82769E+03  1.48017E+02  2.27205E+02  6.43631E+02 -1.63737E+03 -2.66571E+03 -6.26987E+02  4.37930E+02  1.43248E+03  7.67043E+02  2.37998E+03  3.12847E+03  3.57604E+02 -9.16963E+01 -1.43989E+03 -1.42127E+03  8.12002E+02 -4.34104E+03 -5.90869E+03 -1.28206E+03  6.34911E+02  2.70291E+03  2.71784E+03 -3.15530E+03  2.90002E+03
 OMEGA(2,2)    9.45191E+00  2.09680E+01 -1.17959E+01 -1.16165E+00  5.99880E+00  1.08159E+01  1.58124E+01 -1.14776E+01  7.42140E+03  0.00000E+00  2.59980E+03  6.20511E+02  2.96191E+03  3.48027E+03  6.14551E+02  1.59815E+03  1.85663E+02 -2.44638E+02 -5.98317E+02 -5.43173E+02 -1.10476E+01 -8.91583E+02 -2.30878E+03  1.05435E+02  2.11998E+02  2.45665E+02 -9.40022E+02 -2.39081E+03 -6.11491E+02  4.40392E+02  8.49371E+02  5.57764E+02  1.33648E+03  3.25685E+03  5.06467E+02 -1.31234E+02 -9.39169E+02 -1.10933E+03  7.56345E+02 -2.67279E+03 -6.17288E+03 -1.68769E+03  7.28886E+02  1.93825E+03  2.41636E+03 -2.81085E+03  2.74818E+03
 OMEGA(3,1)   -7.98795E+01 -1.89034E+02 -1.01185E+02 -1.20892E+01  1.09048E+02  9.49090E+01 -9.26178E+01  1.88769E+02  2.96379E+03  0.00000E+00 -4.47819E+02  5.65902E+01  9.00362E+02  6.14551E+02  3.83859E+03  2.23479E+03  4.43865E+01  7.39437E+01 -3.20427E+02 -6.05219E+02 -4.49487E+01 -4.68265E+02 -8.66034E+02 -1.51040E+03  5.58011E+01  3.86527E+02 -7.90237E+02 -7.84959E+02 -1.04831E+03  2.49896E+02  7.64885E+02  2.71976E+02  3.98647E+02  5.30728E+02  9.83521E+02 -9.49944E+01 -3.64540E+02 -3.51954E+02  1.00283E+02 -1.52522E+03 -1.35301E+03 -3.00485E+03  3.15206E+02  9.26538E+02  9.11880E+02 -5.94328E+02  9.27353E+02
 OMEGA(3,2)   -1.20168E+02 -2.59509E+02 -7.27574E+01  1.16341E+01  1.40737E+02  1.07311E+02 -1.11638E+02  2.37813E+02  9.75673E+03  0.00000E+00  1.30920E+03  1.18673E+02  9.91549E+02  1.59815E+03  2.23479E+03  5.71805E+03  1.15241E+03 -1.66034E+02 -5.77027E+02 -6.65537E+02 -2.91254E+01 -6.25754E+01 -7.13392E+02 -1.60272E+03  2.06471E+02  5.26906E+00 -4.21223E+02 -1.38230E+03 -1.59442E+03  4.71771E+02  2.72477E+02  1.73591E+02  2.26734E+02  8.02130E+02  1.92675E+03 -1.72534E+02  1.54231E+02 -2.09475E+02 -2.09360E+01 -1.02371E+03 -3.47038E+03 -4.77085E+03  6.76127E+02  3.91835E+02  1.18805E+03 -7.99268E+02  1.48438E+03
 OMEGA(3,3)   -4.45591E+01 -5.57393E+01  1.00699E+02  3.89758E+01  3.12779E+01 -8.05113E+00 -1.08839E+01  1.75202E+01  6.24336E+03  0.00000E+00  1.37608E+03  2.98611E+01  9.35462E+01  1.85663E+02  4.43865E+01  1.15241E+03  2.82963E+03  1.24947E+01 -7.20472E+01  3.33460E+02  8.46486E+01  1.49535E+01  8.11666E+01 -2.88652E+02  5.90010E+01 -3.43430E+01 -1.03756E+02 -3.28531E+02 -1.07249E+03  2.12772E+01  5.82219E+01  1.12267E+02  7.89774E+01  6.84655E+01  3.39710E+02  5.85861E+01  7.97093E+01 -1.14493E+02  1.59780E+01 -5.62020E+00 -5.32039E+02 -2.59610E+03 -1.63538E+02 -4.09982E+01  5.88595E+02 -2.41901E+02  5.89918E+02
 OMEGA(4,1)    2.56772E+01  6.71489E+01  2.80219E+01 -2.38177E+00 -1.74456E+01 -1.01377E+01  2.59412E+01 -5.63389E+01 -1.41935E+03  0.00000E+00  3.97746E+02 -1.28479E+02 -2.51694E+02 -2.44638E+02  7.39437E+01 -1.66034E+02  1.24947E+01  2.03868E+03  1.25179E+03  2.64009E+01 -1.57697E+02  1.06291E+02  1.21919E+02  1.55954E+00 -6.11842E+02  4.92985E+01 -2.88350E+02  8.53387E+01  1.30446E+02 -2.31991E+02  6.54359E+01 -9.65034E+01  7.72820E+02  2.56906E+02 -1.36524E+02  3.66960E+02 -1.41578E+02  2.98040E+01  1.32370E+02 -6.08778E+02  6.21430E+01  4.09504E+01 -1.67826E+03  1.16976E+02  9.80373E+00 -5.62623E+02  3.95547E+02
 OMEGA(4,2)    6.68823E+01  1.32579E+02 -1.34137E+01 -1.13190E+01 -4.68338E+01 -1.89365E+01  5.42341E+01 -1.04701E+02 -2.04349E+03  0.00000E+00  7.67648E+02 -6.55146E+01 -4.70649E+02 -5.98317E+02 -3.20427E+02 -5.77027E+02 -7.20472E+01  1.25179E+03  2.92709E+03  6.93417E+02 -1.23253E+02  1.19502E+02  3.73547E+02  2.58445E+02 -8.87534E+02  9.96924E+01  9.62989E+01  2.11701E+02  3.17159E+02 -5.84238E+02 -4.53956E-01 -2.18565E+02  3.23998E+02  6.97396E+02 -6.06744E+01  1.11386E+03 -1.50133E+02 -2.29561E+01  4.02002E+02 -4.95750E+01  1.53952E+02  3.87156E+02 -2.41647E+03 -2.67517E+01 -3.46054E+02 -8.15612E+02  2.19244E+02
 OMEGA(4,3)    3.61352E+01 -6.70741E+00 -1.97038E+02 -5.12723E+01 -5.21239E+00  4.70406E+01 -1.56421E+01  5.03879E+01  2.43730E+03  0.00000E+00  3.48657E+02 -5.06993E+01 -4.74526E+02 -5.43173E+02 -6.05219E+02 -6.65537E+02  3.33460E+02  2.64009E+01  6.93417E+02  3.10296E+03  6.20695E+01  1.87527E+01  2.18428E+02  3.70095E+02 -9.70618E+01  1.19482E+02  2.77951E+02  4.99721E+02 -3.15751E+02 -4.28029E+02 -1.09189E+02 -1.86660E+02 -1.77792E+02 -2.72018E+02  9.29537E+02  1.25773E+02  9.03586E+01  1.92296E+02 -8.19471E+01  5.31604E+02  1.01400E+03 -6.07034E+02 -1.36805E+03 -2.66437E+02 -4.64198E+02  7.40576E+01 -2.17804E+02
 OMEGA(4,4)    4.89691E+00 -1.33457E+01 -6.82520E+01 -3.19383E+01 -8.21049E-01  1.44592E+01 -1.56887E+01  3.46421E+01  1.35790E+03  0.00000E+00  8.89363E+01  6.64718E+00 -1.34601E+00 -1.10476E+01 -4.49487E+01 -2.91254E+01  8.46486E+01 -1.57697E+02 -1.23253E+02  6.20695E+01  6.74281E+02 -1.44678E+01 -1.65669E+01  1.14271E+01  1.30892E+02  2.97751E+01  2.38690E+01  2.84009E+01 -1.76075E+00 -2.25453E+02 -2.84853E-01  1.06360E+01 -5.32142E+01 -5.85937E+01 -1.99384E+01  5.44746E+02  5.24727E+01 -7.04844E+01  1.07286E+02  5.76114E+01  6.71758E+01  3.99626E+00 -4.10816E+02 -5.33545E+01  4.39059E+01 -1.59292E+02  4.64525E+01
 OMEGA(5,1)    8.96196E+01  1.88722E+02  8.15225E+01  1.49217E-01 -1.37855E+02 -1.19488E+02  8.97590E+01 -1.92611E+02 -1.94669E+03  0.00000E+00 -2.53933E+03 -8.90490E+02 -1.97252E+03 -8.91583E+02 -4.68265E+02 -6.25754E+01  1.49535E+01  1.06291E+02  1.19502E+02  1.87527E+01 -1.44678E+01  3.79984E+03  3.07921E+03  3.67402E+02 -2.11486E+02 -1.41812E+03  1.60610E+03  1.09357E+03  2.08935E+02 -9.64714E+01 -1.62254E+03 -5.63426E+02 -1.51026E+03 -1.28876E+03 -1.20010E+02  1.09127E+02  1.74282E+03  8.93430E+02 -3.96012E+02  2.05319E+03  1.96782E+03  4.23387E+02 -1.30580E+02 -3.71449E+03 -1.76434E+03  1.46853E+03 -1.09669E+03
 OMEGA(5,2)    1.05785E+02  2.30768E+02  1.06734E+02 -4.76267E+00 -1.50894E+02 -1.35758E+02  9.48433E+01 -2.33751E+02 -6.66235E+03  0.00000E+00 -4.51929E+03 -6.96037E+02 -2.82769E+03 -2.30878E+03 -8.66034E+02 -7.13392E+02  8.11666E+01  1.21919E+02  3.73547E+02  2.18428E+02 -1.65669E+01  3.07921E+03  6.26273E+03  1.39165E+03 -1.96608E+02 -1.96810E+03  1.43257E+03  1.90841E+03  5.01664E+02 -1.15737E+02 -2.32381E+03 -7.25126E+02 -1.65022E+03 -2.86416E+03 -6.28313E+02  1.73632E+02  3.31585E+03  1.63879E+03 -8.60042E+02  2.21413E+03  4.29318E+03  1.19427E+03 -3.32608E+02 -5.47565E+03 -2.65242E+03  2.60547E+03 -1.90941E+03
 OMEGA(5,3)    9.27309E+01  2.23501E+02  1.07256E+02 -1.83997E+00 -1.29343E+02 -1.13538E+02  9.90292E+01 -2.13201E+02 -4.73201E+03  0.00000E+00 -1.61467E+03  1.72051E+02  1.48017E+02  1.05435E+02 -1.51040E+03 -1.60272E+03 -2.88652E+02  1.55954E+00  2.58445E+02  3.70095E+02  1.14271E+01  3.67402E+02  1.39165E+03  5.23233E+03  1.24082E+02 -9.31334E+02 -2.09419E+02 -7.36786E+02  1.73208E+03 -7.73732E+01 -1.13892E+03  1.40540E+02 -2.02770E+02 -3.69952E+02 -1.75390E+03  4.62623E+01  1.11532E+03  3.42138E+02 -2.47914E+02 -7.14490E+02 -9.67501E+02  1.67049E+03 -3.06967E+02 -1.88557E+03  7.03423E+02  3.05939E+02  9.80051E+02
 OMEGA(5,4)   -1.95877E+01 -4.53587E+01  2.90431E+00  3.52103E+00  3.25190E+00 -1.19905E+01 -1.51873E+01  2.76852E+01  9.37461E+02  0.00000E+00 -4.88179E+02  7.71233E+01  2.27205E+02  2.11998E+02  5.58011E+01  2.06471E+02  5.90010E+01 -6.11842E+02 -8.87534E+02 -9.70618E+01  1.30892E+02 -2.11486E+02 -1.96608E+02  1.24082E+02  2.37011E+03  3.74918E+01 -7.62185E+00 -2.89118E+01 -2.29781E+01  7.59095E+02 -4.42843E+02 -9.61295E+01 -1.53389E+02 -1.69840E+02 -2.04573E+01 -7.00396E+02  9.81331E+02  3.70560E+02 -2.81724E+02 -2.50368E+00 -1.68263E+02 -2.32741E+02  7.12094E+02 -8.16906E+02 -1.46610E+02  3.96350E+02  3.24954E+01
 OMEGA(5,5)   -6.76017E+01 -1.38616E+02 -5.81686E+01 -1.20302E+00  1.05500E+02  9.78002E+01 -6.75917E+01  1.46743E+02  1.69258E+03  0.00000E+00  2.31864E+03  2.00878E+02  6.43631E+02  2.45665E+02  3.86527E+02  5.26906E+00 -3.43430E+01  4.92985E+01  9.96924E+01  1.19482E+02  2.97751E+01 -1.41812E+03 -1.96810E+03 -9.31334E+02  3.74918E+01  2.21488E+03 -6.32021E+02 -2.33199E+02 -2.03588E+02 -1.70169E+02  1.83937E+03  4.17331E+02  5.67770E+02  6.23190E+02  3.87327E+02  4.51663E+01 -1.68459E+03 -7.81767E+02  3.34548E+02 -4.08522E+02 -5.51649E+02 -3.73656E+02 -1.86672E+02  2.05885E+03  8.56370E+02 -7.65819E+02  3.11608E+02
 OMEGA(6,1)    2.96374E+01  7.86557E+01  4.62804E+01  4.96866E+00 -5.84467E+01 -5.21124E+01  4.16446E+01 -7.63363E+01 -2.23293E+03  0.00000E+00 -1.56743E+03 -5.65049E+02 -1.63737E+03 -9.40022E+02 -7.90237E+02 -4.21223E+02 -1.03756E+02 -2.88350E+02  9.62989E+01  2.77951E+02  2.38690E+01  1.60610E+03  1.43257E+03 -2.09419E+02 -7.62185E+00 -6.32021E+02  2.58991E+03  2.02504E+03  4.29537E+02 -2.48820E+02 -1.58042E+03 -6.93368E+02 -1.19651E+03 -1.09235E+03 -5.11589E+01 -8.06940E-01  6.82100E+02  9.92233E+02 -2.71808E+02  2.29459E+03  2.40706E+03  9.36616E+02 -1.08712E+02 -1.79013E+03 -2.68616E+03  1.37022E+03 -1.57394E+03
 OMEGA(6,2)    1.37330E+01  3.38650E+01  1.73151E+01 -1.88896E+00 -1.21510E+01 -1.91063E+01  1.22291E+01 -3.12841E+01 -5.78921E+03  0.00000E+00 -4.22016E+03 -6.23541E+02 -2.66571E+03 -2.39081E+03 -7.84959E+02 -1.38230E+03 -3.28531E+02  8.53387E+01  2.11701E+02  4.99721E+02  2.84009E+01  1.09357E+03  1.90841E+03 -7.36786E+02 -2.89118E+01 -2.33199E+02  2.02504E+03  4.41333E+03  1.13293E+03 -3.53637E+02 -1.55333E+03 -1.07591E+03 -1.10310E+03 -2.24515E+03 -4.36606E+01 -6.69309E+01  4.95325E+02  1.79807E+03 -4.55036E+02  2.74686E+03  5.99384E+03  2.13518E+03 -4.95028E+02 -1.91080E+03 -4.44125E+03  2.31739E+03 -3.09072E+03
 OMEGA(6,3)    5.19368E+01  1.10176E+02  1.59302E+01 -5.69044E+00 -5.08685E+01 -3.81526E+01  5.02159E+01 -9.58682E+01 -4.18500E+03  0.00000E+00 -3.32587E+03 -7.97885E+01 -6.26987E+02 -6.11491E+02 -1.04831E+03 -1.59442E+03 -1.07249E+03  1.30446E+02  3.17159E+02 -3.15751E+02 -1.76075E+00  2.08935E+02  5.01664E+02  1.73208E+03 -2.29781E+01 -2.03588E+02  4.29537E+02  1.13293E+03  3.65083E+03 -9.43747E+01 -7.14650E+02 -6.27258E+02 -4.22670E+02 -6.36530E+02 -1.01763E+03  3.51836E+01  3.14036E+02  6.60148E+02 -1.80220E+02  4.87276E+02  1.36051E+03  3.00004E+03 -2.53762E+02 -7.10454E+02 -1.96823E+03  9.41554E+02 -9.71025E+02
 OMEGA(6,4)   -1.40247E+01 -8.20603E+00  7.34069E+01  1.72591E+01 -9.94390E+00 -4.01237E+01  3.81170E+00 -2.21295E+01  1.35379E+02  0.00000E+00 -1.01539E+03  1.05599E+02  4.37930E+02  4.40392E+02  2.49896E+02  4.71771E+02  2.12772E+01 -2.31991E+02 -5.84238E+02 -4.28029E+02 -2.25453E+02 -9.64714E+01 -1.15737E+02 -7.73732E+01  7.59095E+02 -1.70169E+02 -2.48820E+02 -3.53637E+02 -9.43747E+01  1.62983E+03 -1.39079E+02 -1.22120E+02  6.31312E+01  1.42647E+02  5.91550E+01 -7.27088E+02  3.33380E+02  5.41634E+02 -1.77185E+02 -4.32658E+02 -9.35059E+02 -4.66255E+02  1.03143E+03 -7.24468E+01 -4.81272E+01  1.42330E+02  3.87084E+02
 OMEGA(6,5)   -5.65931E+01 -1.27834E+02 -6.22782E+01 -4.67458E+00  7.66126E+01  8.83296E+01 -6.23425E+01  1.33073E+02  2.83589E+03  0.00000E+00  4.61928E+03  3.71333E+02  1.43248E+03  8.49371E+02  7.64885E+02  2.72477E+02  5.82219E+01  6.54359E+01 -4.53956E-01 -1.09189E+02 -2.84853E-01 -1.62254E+03 -2.32381E+03 -1.13892E+03 -4.42843E+02  1.83937E+03 -1.58042E+03 -1.55333E+03 -7.14650E+02 -1.39079E+02  4.03751E+03  1.30082E+03  9.57422E+02  1.25680E+03  5.79936E+02  1.76414E+02 -2.03345E+03 -1.88260E+03  5.77586E+02 -1.24159E+03 -2.11603E+03 -1.02285E+03  4.09853E+01  3.17982E+03  2.69352E+03 -1.72586E+03  1.24639E+03
 OMEGA(6,6)   -3.80617E+00 -1.55250E+01 -1.32268E+01 -3.47219E+00 -9.63409E+00  5.66379E+00 -6.91748E+00  1.56936E+01  9.25367E+02  0.00000E+00  2.98143E+03  1.90664E+02  7.67043E+02  5.57764E+02  2.71976E+02  1.73591E+02  1.12267E+02 -9.65034E+01 -2.18565E+02 -1.86660E+02  1.06360E+01 -5.63426E+02 -7.25126E+02  1.40540E+02 -9.61295E+01  4.17331E+02 -6.93368E+02 -1.07591E+03 -6.27258E+02 -1.22120E+02  1.30082E+03  1.07463E+03  3.84244E+02  5.99218E+02  7.55169E+01  5.90576E+01 -5.11200E+02 -9.50483E+02  2.14085E+02 -7.01853E+02 -1.29643E+03 -5.77861E+02  2.66523E+02  9.69739E+02  1.76565E+03 -8.12036E+02  7.76741E+02
 OMEGA(7,1)   -1.04767E+02 -2.54187E+02 -9.75841E+01  2.57254E+00  1.15314E+02  9.84286E+01 -1.11901E+02  2.25955E+02  1.92780E+03  0.00000E+00  1.52471E+03  7.37628E+02  2.37998E+03  1.33648E+03  3.98647E+02  2.26734E+02  7.89774E+01  7.72820E+02  3.23998E+02 -1.77792E+02 -5.32142E+01 -1.51026E+03 -1.65022E+03 -2.02770E+02 -1.53389E+02  5.67770E+02 -1.19651E+03 -1.10310E+03 -4.22670E+02  6.31312E+01  9.57422E+02  3.84244E+02  3.19744E+03  2.45912E+03  1.87892E+02  7.08243E+01 -1.38654E+03 -9.74350E+02  8.43333E+02 -2.95407E+03 -3.26602E+03 -6.32832E+02 -3.84015E+02  2.01989E+03  1.65146E+03 -3.12305E+03  2.00606E+03
 OMEGA(7,2)   -1.79926E+02 -4.07580E+02 -1.20316E+02  1.94267E+01  1.81467E+02  1.47295E+02 -1.73741E+02  3.58725E+02  6.08414E+03  0.00000E+00  2.43326E+03  6.85166E+02  3.12847E+03  3.25685E+03  5.30728E+02  8.02130E+02  6.84655E+01  2.56906E+02  6.97396E+02 -2.72018E+02 -5.85937E+01 -1.28876E+03 -2.86416E+03 -3.69952E+02 -1.69840E+02  6.23190E+02 -1.09235E+03 -2.24515E+03 -6.36530E+02  1.42647E+02  1.25680E+03  5.99218E+02  2.45912E+03  5.94095E+03  1.16000E+03  3.83089E+02 -2.16064E+03 -2.02013E+03  2.08755E+03 -3.08616E+03 -6.99882E+03 -1.45149E+03 -2.27534E+02  2.86508E+03  2.82871E+03 -5.42767E+03  3.42924E+03
 OMEGA(7,3)   -1.14800E+02 -2.32404E+02 -3.78325E+01  2.73043E+01  1.26858E+02  8.90316E+01 -1.01479E+02  2.00154E+02  5.17905E+03  0.00000E+00  6.19369E+02  3.60605E+00  3.57604E+02  5.06467E+02  9.83521E+02  1.92675E+03  3.39710E+02 -1.36524E+02 -6.06744E+01  9.29537E+02 -1.99384E+01 -1.20010E+02 -6.28313E+02 -1.75390E+03 -2.04573E+01  3.87327E+02 -5.11589E+01 -4.36606E+01 -1.01763E+03  5.91550E+01  5.79936E+02  7.55169E+01  1.87892E+02  1.16000E+03  4.47645E+03  1.23499E+02 -6.43095E+02 -9.34699E+02  3.88515E+02 -7.60884E+01 -9.09120E+02 -2.73179E+03 -4.89502E+01  6.28882E+02  3.66165E+02 -1.86683E+03  4.52629E+02
 OMEGA(7,4)    3.58860E+01  7.05231E+01 -1.16843E+01 -1.01712E+01 -2.92781E+01 -1.65513E+01  2.90975E+01 -5.36574E+01  2.63078E+02  0.00000E+00  4.33757E+02 -1.04480E+01 -9.16963E+01 -1.31234E+02 -9.49944E+01 -1.72534E+02  5.85861E+01  3.66960E+02  1.11386E+03  1.25773E+02  5.44746E+02  1.09127E+02  1.73632E+02  4.62623E+01 -7.00396E+02  4.51663E+01 -8.06940E-01 -6.69309E+01  3.51836E+01 -7.27088E+02  1.76414E+02  5.90576E+01  7.08243E+01  3.83089E+02  1.23499E+02  2.48060E+03 -1.66772E+02 -6.17677E+02  9.74479E+02 -6.67739E+01 -1.46248E+02  1.64053E+02 -1.59413E+03  5.84420E+01  2.72092E+02 -1.42614E+03  3.75631E+02
 OMEGA(7,5)    1.19247E+02  2.83084E+02  1.08546E+02 -9.58853E+00 -1.32273E+02 -1.11770E+02  1.20809E+02 -2.53934E+02 -3.50347E+03  0.00000E+00 -2.43223E+03 -3.69768E+02 -1.43989E+03 -9.39169E+02 -3.64540E+02  1.54231E+02  7.97093E+01 -1.41578E+02 -1.50133E+02  9.03586E+01  5.24727E+01  1.74282E+03  3.31585E+03  1.11532E+03  9.81331E+02 -1.68459E+03  6.82100E+02  4.95325E+02  3.14036E+02  3.33380E+02 -2.03345E+03 -5.11200E+02 -1.38654E+03 -2.16064E+03 -6.43095E+02 -1.66772E+02  4.58311E+03  1.89746E+03 -1.25921E+03  1.12606E+03  1.95056E+03  3.55528E+02  1.22240E+01 -4.05900E+03 -1.49286E+03  2.30530E+03 -8.62490E+02
 OMEGA(7,6)    6.62001E+01  1.67912E+02  6.02181E+01 -1.52747E+01 -4.82337E+01 -3.42109E+01  6.00062E+01 -1.33858E+02 -3.34368E+03  0.00000E+00 -2.45100E+03 -3.39505E+02 -1.42127E+03 -1.10933E+03 -3.51954E+02 -2.09475E+02 -1.14493E+02  2.98040E+01 -2.29561E+01  1.92296E+02 -7.04844E+01  8.93430E+02  1.63879E+03  3.42138E+02  3.70560E+02 -7.81767E+02  9.92233E+02  1.79807E+03  6.60148E+02  5.41634E+02 -1.88260E+03 -9.50483E+02 -9.74350E+02 -2.02013E+03 -9.34699E+02 -6.17677E+02  1.89746E+03  3.31134E+03 -1.17321E+03  1.27378E+03  2.65989E+03  8.11559E+02  6.95570E+01 -2.02117E+03 -2.93257E+03  2.89898E+03 -1.53387E+03
 OMEGA(7,7)   -7.87634E+01 -1.83847E+02 -5.29816E+01  1.25451E+01  7.18601E+01  5.20154E+01 -7.33560E+01  1.55199E+02  1.74361E+03  0.00000E+00  6.35040E+02  1.80779E+02  8.12002E+02  7.56345E+02  1.00283E+02 -2.09360E+01  1.59780E+01  1.32370E+02  4.02002E+02 -8.19471E+01  1.07286E+02 -3.96012E+02 -8.60042E+02 -2.47914E+02 -2.81724E+02  3.34548E+02 -2.71808E+02 -4.55036E+02 -1.80220E+02 -1.77185E+02  5.77586E+02  2.14085E+02  8.43333E+02  2.08755E+03  3.88515E+02  9.74479E+02 -1.25921E+03 -1.17321E+03  1.85216E+03 -8.12551E+02 -1.86128E+03 -2.44745E+02 -4.62832E+02  1.07010E+03  9.21495E+02 -2.70928E+03  1.08940E+03
 OMEGA(8,1)    6.94979E+01  1.97310E+02  1.09313E+02  5.52130E+00 -8.74157E+01 -8.23827E+01  8.63066E+01 -1.73409E+02 -3.15108E+03  0.00000E+00 -3.67062E+03 -1.85677E+03 -4.34104E+03 -2.67279E+03 -1.52522E+03 -1.02371E+03 -5.62020E+00 -6.08778E+02 -4.95750E+01  5.31604E+02  5.76114E+01  2.05319E+03  2.21413E+03 -7.14490E+02 -2.50368E+00 -4.08522E+02  2.29459E+03  2.74686E+03  4.87276E+02 -4.32658E+02 -1.24159E+03 -7.01853E+02 -2.95407E+03 -3.08616E+03 -7.60884E+01 -6.67739E+01  1.12606E+03  1.27378E+03 -8.12551E+02  6.94405E+03  6.99604E+03  1.75508E+03 -9.83568E+01 -2.98558E+03 -3.36622E+03  3.92495E+03 -4.81675E+03
 OMEGA(8,2)    4.90797E+01  1.35529E+02  7.42956E+01  3.50986E+00 -5.05965E+01 -5.46434E+01  5.50814E+01 -1.19465E+02 -1.21466E+04  0.00000E+00 -6.15779E+03 -1.41049E+03 -5.90869E+03 -6.17288E+03 -1.35301E+03 -3.47038E+03 -5.32039E+02  6.21430E+01  1.53952E+02  1.01400E+03  6.71758E+01  1.96782E+03  4.29318E+03 -9.67501E+02 -1.68263E+02 -5.51649E+02  2.40706E+03  5.99384E+03  1.36051E+03 -9.35059E+02 -2.11603E+03 -1.29643E+03 -3.26602E+03 -6.99882E+03 -9.09120E+02 -1.46248E+02  1.95056E+03  2.65989E+03 -1.86128E+03  6.99604E+03  1.47346E+04  4.20838E+03 -8.14548E+02 -4.64951E+03 -6.10814E+03  7.64026E+03 -7.83190E+03
 OMEGA(8,3)    1.42593E+02  2.85146E+02  5.70753E+01 -4.29416E+00 -1.53254E+02 -1.13614E+02  1.41045E+02 -2.67494E+02 -1.00712E+04  0.00000E+00 -1.29556E+03 -1.55337E+02 -1.28206E+03 -1.68769E+03 -3.00485E+03 -4.77085E+03 -2.59610E+03  4.09504E+01  3.87156E+02 -6.07034E+02  3.99626E+00  4.23387E+02  1.19427E+03  1.67049E+03 -2.32741E+02 -3.73656E+02  9.36616E+02  2.13518E+03  3.00004E+03 -4.66255E+02 -1.02285E+03 -5.77861E+02 -6.32832E+02 -1.45149E+03 -2.73179E+03  1.64053E+02  3.55528E+02  8.11559E+02 -2.44745E+02  1.75508E+03  4.20838E+03  9.23079E+03  4.26835E+01 -1.37796E+03 -2.98605E+03  2.06843E+03 -3.52430E+03
 OMEGA(8,4)   -6.09776E+01 -9.92935E+01  8.85267E+01  4.41432E+01  2.63345E+01 -2.10705E+01 -2.55727E+01  4.39763E+01  7.00317E+02  0.00000E+00 -1.12896E+03  1.53623E+02  6.34911E+02  7.28886E+02  3.15206E+02  6.76127E+02 -1.63538E+02 -1.67826E+03 -2.41647E+03 -1.36805E+03 -4.10816E+02 -1.30580E+02 -3.32608E+02 -3.06967E+02  7.12094E+02 -1.86672E+02 -1.08712E+02 -4.95028E+02 -2.53762E+02  1.03143E+03  4.09853E+01  2.66523E+02 -3.84015E+02 -2.27534E+02 -4.89502E+01 -1.59413E+03  1.22240E+01  6.95570E+01 -4.62832E+02 -9.83568E+01 -8.14548E+02  4.26835E+01  4.76367E+03  1.90963E+02  6.18169E+01  1.52185E+03 -8.33508E+02
 OMEGA(8,5)   -1.06825E+02 -2.64541E+02 -1.32627E+02 -4.96308E+00  1.38285E+02  1.33543E+02 -1.18093E+02  2.50415E+02  5.68355E+03  0.00000E+00  5.51729E+03  8.11999E+02  2.70291E+03  1.93825E+03  9.26538E+02  3.91835E+02 -4.09982E+01  1.16976E+02 -2.67517E+01 -2.66437E+02 -5.33545E+01 -3.71449E+03 -5.47565E+03 -1.88557E+03 -8.16906E+02  2.05885E+03 -1.79013E+03 -1.91080E+03 -7.10454E+02 -7.24468E+01  3.17982E+03  9.69739E+02  2.01989E+03  2.86508E+03  6.28882E+02  5.84420E+01 -4.05900E+03 -2.02117E+03  1.07010E+03 -2.98558E+03 -4.64951E+03 -1.37796E+03  1.90963E+02  8.46337E+03  3.68613E+03 -3.64964E+03  2.62909E+03
 OMEGA(8,6)   -8.97434E+00 -6.07413E+01 -5.44321E+01 -1.43871E+01 -5.80956E+00  1.51179E+01 -3.43518E+01  4.49188E+01  5.11204E+03  0.00000E+00  5.34245E+03  6.88610E+02  2.71784E+03  2.41636E+03  9.11880E+02  1.18805E+03  5.88595E+02  9.80373E+00 -3.46054E+02 -4.64198E+02  4.39059E+01 -1.76434E+03 -2.65242E+03  7.03423E+02 -1.46610E+02  8.56370E+02 -2.68616E+03 -4.44125E+03 -1.96823E+03 -4.81272E+01  2.69352E+03  1.76565E+03  1.65146E+03  2.82871E+03  3.66165E+02  2.72092E+02 -1.49286E+03 -2.93257E+03  9.21495E+02 -3.36622E+03 -6.10814E+03 -2.98605E+03  6.18169E+01  3.68613E+03  7.07202E+03 -4.04696E+03  4.32290E+03
 OMEGA(8,7)    1.78586E+02  4.41658E+02  1.48443E+02 -1.55743E+01 -1.68197E+02 -1.38723E+02  1.87537E+02 -3.68116E+02 -5.90418E+03  0.00000E+00 -3.14055E+03 -7.63327E+02 -3.15530E+03 -2.81085E+03 -5.94328E+02 -7.99268E+02 -2.41901E+02 -5.62623E+02 -8.15612E+02  7.40576E+01 -1.59292E+02  1.46853E+03  2.60547E+03  3.05939E+02  3.96350E+02 -7.65819E+02  1.37022E+03  2.31739E+03  9.41554E+02  1.42330E+02 -1.72586E+03 -8.12036E+02 -3.12305E+03 -5.42767E+03 -1.86683E+03 -1.42614E+03  2.30530E+03  2.89898E+03 -2.70928E+03  3.92495E+03  7.64026E+03  2.06843E+03  1.52185E+03 -3.64964E+03 -4.04696E+03  8.73531E+03 -5.23139E+03
 OMEGA(8,8)   -3.04323E+01 -1.20511E+02 -7.57322E+01 -1.30507E+01  1.92152E+01  3.05417E+01 -5.73301E+01  9.15776E+01  5.35210E+03  0.00000E+00  3.76488E+03  8.44891E+02  2.90002E+03  2.74818E+03  9.27353E+02  1.48438E+03  5.89918E+02  3.95547E+02  2.19244E+02 -2.17804E+02  4.64525E+01 -1.09669E+03 -1.90941E+03  9.80051E+02  3.24954E+01  3.11608E+02 -1.57394E+03 -3.09072E+03 -9.71025E+02  3.87084E+02  1.24639E+03  7.76741E+02  2.00606E+03  3.42924E+03  4.52629E+02  3.75631E+02 -8.62490E+02 -1.53387E+03  1.08940E+03 -4.81675E+03 -7.83190E+03 -3.52430E+03 -8.33508E+02  2.62909E+03  4.32290E+03 -5.23139E+03  6.37768E+03
