TABLE NO.     1: First Order Conditional Estimation with Interaction (No Prior): Problem=1 Subproblem=0 Superproblem1=0 Iteration1=0 Superproblem2=0 Iteration2=0
 NAME         THETA1       THETA2       THETA3       THETA4       THETA5       THETA6       THETA7       THETA8       SIGMA(1,1)   SIGMA(2,1)   SIGMA(2,2)   OMEGA(1,1)   OMEGA(2,1)   OMEGA(2,2)   OMEGA(3,1)   OMEGA(3,2)   OMEGA(3,3)   OMEGA(4,1)   OMEGA(4,2)   OMEGA(4,3)   OMEGA(4,4)   OMEGA(5,1)   OMEGA(5,2)   OMEGA(5,3)   OMEGA(5,4)   OMEGA(5,5)   OMEGA(6,1)   OMEGA(6,2)   OMEGA(6,3)   OMEGA(6,4)   OMEGA(6,5)   OMEGA(6,6)   OMEGA(7,1)   OMEGA(7,2)   OMEGA(7,3)   OMEGA(7,4)   OMEGA(7,5)   OMEGA(7,6)   OMEGA(7,7)   OMEGA(8,1)   OMEGA(8,2)   OMEGA(8,3)   OMEGA(8,4)   OMEGA(8,5)   OMEGA(8,6)   OMEGA(8,7)   OMEGA(8,8)
 THETA1        3.40365E+02  2.08251E+02  1.01100E+01 -2.07537E+01 -1.21901E+02 -6.53948E+01  9.57395E+01 -2.70996E+02 -7.60377E+01  0.00000E+00 -1.44523E+02 -2.91055E+01 -6.18959E+01  8.38229E+00 -8.18202E+01 -1.23736E+02 -4.56111E+01  2.71794E+01  6.81112E+01  3.59297E+01  4.64912E+00  9.07335E+01  1.08906E+02  9.62017E+01 -2.03129E+01 -6.92308E+01  3.26848E+01  1.66843E+01  5.43602E+01 -1.44132E+01 -5.97290E+01 -4.95208E+00 -1.06908E+02 -1.83375E+02 -1.17944E+02  3.66288E+01  1.22699E+02  6.93029E+01 -8.04263E+01  7.20424E+01  5.14178E+01  1.46232E+02 -6.22884E+01 -1.10097E+02 -1.24015E+01  1.82725E+02 -3.20621E+01
 THETA2        2.08251E+02  4.94206E+02  1.12703E+02 -1.70454E+01 -1.83229E+02 -1.28513E+02  2.31134E+02 -3.89621E+02 -3.57507E+02  0.00000E+00  2.60733E+02 -6.50447E+01 -1.44847E+02  2.03202E+01 -1.93196E+02 -2.64926E+02 -5.74029E+01  6.83586E+01  1.34915E+02 -6.49629E+00 -1.36059E+01  1.92647E+02  2.35420E+02  2.29435E+02 -4.67036E+01 -1.41761E+02  8.25508E+01  3.92411E+01  1.14712E+02 -8.64529E+00 -1.33408E+02 -1.76120E+01 -2.58168E+02 -4.12632E+02 -2.38286E+02  7.18231E+01  2.89066E+02  1.73701E+02 -1.86635E+02  2.01105E+02  1.38518E+02  2.92161E+02 -1.01202E+02 -2.70738E+02 -6.64096E+01  4.48868E+02 -1.22910E+02
 THETA3        1.01100E+01  1.12703E+02  5.38855E+02  1.48170E+01 -4.73625E+01 -1.00510E+02  3.80766E+01 -2.17880E+02 -6.62105E+02  0.00000E+00  7.37813E+02 -2.80432E+01 -8.15277E+01 -1.28486E+01 -1.03323E+02 -7.45283E+01  1.01782E+02  2.73760E+01 -1.39579E+01 -1.96554E+02 -6.83301E+01  8.43301E+01  1.10271E+02  1.08093E+02  2.82100E+00 -6.00073E+01  4.84019E+01  2.01965E+01  1.94762E+01  7.48960E+01 -6.51621E+01 -1.48021E+01 -1.00364E+02 -1.24616E+02 -4.02097E+01 -1.22701E+01  1.12295E+02  6.31261E+01 -5.48141E+01  1.12071E+02  7.77246E+01  6.15078E+01  8.93922E+01 -1.36604E+02 -5.89746E+01  1.53742E+02 -7.87209E+01
 THETA4       -2.07537E+01 -1.70454E+01  1.48170E+01  2.71227E+02  1.95230E+01 -4.81626E+01  1.15215E+02 -9.69687E+01  1.12203E+02  0.00000E+00  1.08873E+02  1.75200E+00  8.32074E-02 -1.25879E-01 -1.19572E+01  1.16296E+01  3.91797E+01 -2.95449E+00 -1.19123E+01 -5.06656E+01 -3.11308E+01  6.26365E-02 -5.39428E+00 -1.85722E+00  2.60911E+00 -1.54205E+00  5.13233E+00 -1.86763E+00 -5.31195E+00  1.87547E+01 -5.19542E+00 -4.26502E+00  2.99848E+00  2.02176E+01  2.71898E+01 -1.03243E+01 -1.03564E+01 -1.47490E+01  1.27248E+01  4.57205E+00  1.69349E+00 -4.15052E+00  4.52837E+01 -4.02314E+00 -1.55384E+01 -1.58296E+01 -1.26409E+01
 THETA5       -1.21901E+02 -1.83229E+02 -4.73625E+01  1.95230E+01  4.41493E+02  1.64554E+02 -1.49363E+02  1.81859E+02  8.02096E+01  0.00000E+00  2.61177E+01  3.70401E+01  9.12569E+01  7.54834E+00  1.11909E+02  1.45228E+02  3.28414E+01 -1.82350E+01 -4.81437E+01 -5.59709E+00 -7.97034E-01 -1.40680E+02 -1.54460E+02 -1.32735E+02  4.97692E+00  1.06109E+02 -6.11736E+01 -1.54755E+01 -5.36831E+01 -9.29936E+00  8.12584E+01 -7.87637E+00  1.18589E+02  1.86248E+02  1.30789E+02 -3.02649E+01 -1.36254E+02 -5.23244E+01  7.40045E+01 -9.07383E+01 -5.41767E+01 -1.58283E+02  2.75743E+01  1.43168E+02 -2.08123E+00 -1.73843E+02  2.11778E+01
 THETA6       -6.53948E+01 -1.28513E+02 -1.00510E+02 -4.81626E+01  1.64554E+02  3.21627E+02 -1.29376E+02  2.19218E+02  2.55562E+02  0.00000E+00 -7.47508E+01  3.06096E+01  7.91320E+01  1.02332E+01  9.68228E+01  1.09171E+02 -8.12917E+00 -1.00990E+01 -1.87306E+01  4.80300E+01  1.45870E+01 -1.20978E+02 -1.37769E+02 -1.17023E+02 -1.17010E+01  9.91495E+01 -5.33453E+01 -1.93567E+01 -3.96292E+01 -4.05563E+01  9.05513E+01  7.38881E+00  1.01050E+02  1.51199E+02  9.17471E+01 -1.67384E+01 -1.15502E+02 -3.71704E+01  5.41267E+01 -8.26088E+01 -5.30874E+01 -1.15897E+02 -2.16719E+01  1.35308E+02  1.63732E+01 -1.42969E+02  2.98216E+01
 THETA7        9.57395E+01  2.31134E+02  3.80766E+01  1.15215E+02 -1.49363E+02 -1.29376E+02  4.29472E+02 -3.04366E+02 -1.65418E+02  0.00000E+00  1.28105E+02 -2.85873E+01 -6.22346E+01  1.47941E+01 -9.50437E+01 -1.15017E+02 -1.17116E+01  2.66235E+01  5.56852E+01 -1.56201E+01 -1.55452E+01  9.20855E+01  9.76654E+01  1.02149E+02 -1.66245E+01 -6.90244E+01  4.39850E+01  1.52974E+01  5.22994E+01  3.99394E+00 -6.52939E+01 -8.37871E+00 -1.14088E+02 -1.75981E+02 -1.03743E+02  3.08081E+01  1.22356E+02  6.41736E+01 -7.44489E+01  8.90782E+01  5.78766E+01  1.44961E+02 -2.66435E+01 -1.21251E+02 -3.84656E+01  1.91754E+02 -5.95429E+01
 THETA8       -2.70996E+02 -3.89621E+02 -2.17880E+02 -9.69687E+01  1.81859E+02  2.19218E+02 -3.04366E+02  7.41724E+02  3.63100E+02  0.00000E+00 -3.39915E+02  6.24923E+01  1.45607E+02 -8.55266E+00  1.93106E+02  2.44734E+02  1.91570E+01 -5.79536E+01 -1.07546E+02  4.92851E+01  3.44397E+01 -1.97279E+02 -2.40984E+02 -2.18807E+02  2.98990E+01  1.50502E+02 -8.07804E+01 -3.70474E+01 -1.00385E+02 -2.17963E+01  1.38476E+02  1.79570E+01  2.31086E+02  3.66711E+02  2.06739E+02 -5.54401E+01 -2.60756E+02 -1.40405E+02  1.58739E+02 -1.78822E+02 -1.25553E+02 -2.75241E+02  4.72987E+01  2.56668E+02  5.26624E+01 -3.77595E+02  9.60304E+01
 SIGMA(1,1)   -7.60377E+01 -3.57507E+02 -6.62105E+02  1.12203E+02  8.02096E+01  2.55562E+02 -1.65418E+02  3.63100E+02  2.48062E+06  0.00000E+00  4.13490E+04  2.04481E+02  4.19796E+03  7.84228E+03  3.23742E+03  1.06660E+04  6.36187E+03 -1.25763E+03 -2.39765E+03  1.25842E+03  1.39375E+03 -1.75366E+03 -7.02437E+03 -4.11713E+03  8.47756E+02  1.72709E+03 -2.49837E+03 -6.47989E+03 -4.20646E+03  3.79837E+01  2.80112E+03  9.44140E+02  2.28200E+03  6.52396E+03  4.74630E+03  1.57759E+02 -3.71270E+03 -3.49580E+03  1.82146E+03 -3.45934E+03 -1.29037E+04 -1.05179E+04  1.14726E+03  5.61008E+03  5.47371E+03 -6.24185E+03  5.68678E+03
 SIGMA(2,1)    0.00000E+00  0.00000E+00  0.00000E+00  0.00000E+00  0.00000E+00  0.00000E+00  0.00000E+00  0.00000E+00  0.00000E+00  0.00000E+00  0.00000E+00  0.00000E+00  0.00000E+00  0.00000E+00  0.00000E+00  0.00000E+00  0.00000E+00  0.00000E+00  0.00000E+00  0.00000E+00  0.00000E+00  0.00000E+00  0.00000E+00  0.00000E+00  0.00000E+00  0.00000E+00  0.00000E+00  0.00000E+00  0.00000E+00  0.00000E+00  0.00000E+00  0.00000E+00  0.00000E+00  0.00000E+00  0.00000E+00  0.00000E+00  0.00000E+00  0.00000E+00  0.00000E+00  0.00000E+00  0.00000E+00  0.00000E+00  0.00000E+00  0.00000E+00  0.00000E+00  0.00000E+00  0.00000E+00
 SIGMA(2,2)   -1.44523E+02  2.60733E+02  7.37813E+02  1.08873E+02  2.61177E+01 -7.47508E+01  1.28105E+02 -3.39915E+02  4.13490E+04  0.00000E+00  6.84270E+05  1.26046E+03  3.36054E+03  2.68431E+03 -4.05195E+02  1.28156E+03  1.51234E+03  2.74639E+02  1.00629E+03  9.39084E+02  8.09408E+01 -2.70277E+03 -4.78060E+03 -1.68227E+03 -4.80269E+02  2.39362E+03 -1.63351E+03 -3.84675E+03 -3.47452E+03 -8.55760E+02  4.79381E+03  3.09525E+03  1.70119E+03  2.64624E+03  3.96010E+02  4.07837E+02 -2.53284E+03 -2.51059E+03  7.10155E+02 -3.84386E+03 -6.52121E+03 -1.64117E+03 -1.40974E+03  5.87860E+03  5.74730E+03 -3.43230E+03  4.07484E+03
 OMEGA(1,1)   -2.91055E+01 -6.50447E+01 -2.80432E+01  1.75200E+00  3.70401E+01  3.06096E+01 -2.85873E+01  6.24923E+01  2.04481E+02  0.00000E+00  1.26046E+03  1.12742E+03  1.45847E+03  6.67302E+02  1.19957E+02  2.47242E+02  3.67700E+01 -1.17862E+02 -2.10382E+01  7.93263E+00  9.23083E+00 -8.29754E+02 -6.51913E+02 -8.81019E+01  7.52455E+01  1.81135E+02 -5.35720E+02 -5.70634E+02 -1.06211E+02  5.58672E+01  3.10291E+02  1.43673E+02  6.74897E+02  6.08506E+02  1.07968E+02 -8.77818E+00 -2.92261E+02 -2.58623E+02  1.36832E+02 -1.88453E+03 -1.54716E+03 -2.32028E+02  8.47273E+01  8.16725E+02  6.46897E+02 -7.06103E+02  9.27715E+02
 OMEGA(2,1)   -6.18959E+01 -1.44847E+02 -8.15277E+01  8.32074E-02  9.12569E+01  7.91320E+01 -6.22346E+01  1.45607E+02  4.19796E+03  0.00000E+00  3.36054E+03  1.45847E+03  4.81979E+03  3.04641E+03  1.16235E+03  1.31268E+03  1.06979E+02 -1.33184E+02 -1.98578E+02 -1.40984E+02  1.25794E+01 -1.92613E+03 -2.66845E+03 -6.56604E+02  1.78299E+02  5.68798E+02 -1.62980E+03 -2.40353E+03 -6.45468E+02  1.75294E+02  1.16504E+03  5.88222E+02  2.23854E+03  2.77758E+03  6.00580E+02 -6.84671E+01 -1.18106E+03 -1.07177E+03  6.30931E+02 -4.42272E+03 -6.29559E+03 -1.49916E+03  2.39955E+02  2.77364E+03  2.52624E+03 -2.88558E+03  3.16028E+03
 OMEGA(2,2)    8.38229E+00  2.03202E+01 -1.28486E+01 -1.25879E-01  7.54834E+00  1.02332E+01  1.47941E+01 -8.55266E+00  7.84228E+03  0.00000E+00  2.68431E+03  6.67302E+02  3.04641E+03  3.45483E+03  8.56854E+02  1.84730E+03  2.07129E+02 -1.42886E+02 -3.65407E+02 -2.08329E+02  3.32141E+00 -1.15642E+03 -2.65273E+03 -7.94273E+02  1.89070E+02  4.81031E+02 -1.11378E+03 -2.47349E+03 -7.40027E+02  2.15334E+02  1.08062E+03  5.59690E+02  1.38311E+03  3.16190E+03  8.09558E+02 -1.57028E+02 -1.16611E+03 -1.07506E+03  7.22925E+02 -2.71763E+03 -6.10122E+03 -1.69585E+03  3.72185E+02  2.47291E+03  2.35530E+03 -2.74998E+03  2.75764E+03
 OMEGA(3,1)   -8.18202E+01 -1.93196E+02 -1.03323E+02 -1.19572E+01  1.11909E+02  9.68228E+01 -9.50437E+01  1.93106E+02  3.23742E+03  0.00000E+00 -4.05195E+02  1.19957E+02  1.16235E+03  8.56854E+02  3.80511E+03  2.21594E+03  3.51018E+01  7.92070E+01 -1.91661E+02 -3.86640E+02 -3.09225E+01 -5.11339E+02 -9.26409E+02 -1.57835E+03  3.13104E+01  2.77946E+02 -8.66005E+02 -9.74646E+02 -1.06099E+03  5.91856E+01  6.70842E+02  3.43419E+02  4.52597E+02  6.92411E+02  1.05846E+03 -7.45976E+01 -4.06237E+02 -4.68160E+02  1.28717E+02 -1.73579E+03 -1.93532E+03 -3.06464E+03  1.64326E+02  1.16647E+03  1.24656E+03 -8.41170E+02  1.31242E+03
 OMEGA(3,2)   -1.23736E+02 -2.64926E+02 -7.45283E+01  1.16296E+01  1.45228E+02  1.09171E+02 -1.15017E+02  2.44734E+02  1.06660E+04  0.00000E+00  1.28156E+03  2.47242E+02  1.31268E+03  1.84730E+03  2.21594E+03  5.56719E+03  1.17067E+03 -1.93156E+02 -4.18000E+02 -3.04886E+02 -3.04044E+00 -6.39710E+02 -1.72847E+03 -2.41087E+03  1.88549E+02  4.62595E+02 -7.21769E+02 -1.95873E+03 -1.94139E+03  1.88126E+02  1.04889E+03  5.24980E+02  5.06856E+02  1.41585E+03  2.45934E+03 -2.15093E+02 -7.33514E+02 -8.44910E+02  2.34065E+02 -1.35966E+03 -3.73050E+03 -4.61909E+03  4.40054E+02  1.79052E+03  1.84242E+03 -1.49567E+03  1.76478E+03
 OMEGA(3,3)   -4.56111E+01 -5.74029E+01  1.01782E+02  3.91797E+01  3.28414E+01 -8.12917E+00 -1.17116E+01  1.91570E+01  6.36187E+03  0.00000E+00  1.51234E+03  3.67700E+01  1.06979E+02  2.07129E+02  3.51018E+01  1.17067E+03  2.81172E+03 -7.14934E+01 -2.36583E+01  3.83317E+02  9.27043E+01 -5.82222E+01 -2.04774E+02 -5.52776E+02  3.28538E+01  5.58918E+01 -4.63051E+01 -3.28551E+02 -1.15465E+03 -8.82542E+01  1.77407E+02  1.59411E+02  2.73483E+01  1.47172E+02  5.17094E+02  5.75088E+01 -8.06086E+01 -1.83092E+02  3.28185E+01  7.92837E+00 -4.93340E+02 -2.57912E+03 -2.14375E+02  2.35106E+02  6.06475E+02 -2.53335E+02  5.20387E+02
 OMEGA(4,1)    2.71794E+01  6.83586E+01  2.73760E+01 -2.95449E+00 -1.82350E+01 -1.00990E+01  2.66235E+01 -5.79536E+01 -1.25763E+03  0.00000E+00  2.74639E+02 -1.17862E+02 -1.33184E+02 -1.42886E+02  7.92070E+01 -1.93156E+02 -7.14934E+01  1.88244E+03  1.12269E+03  3.57389E+01 -1.29261E+02  2.10506E+02  1.94259E+02 -2.65016E+01 -6.95599E+02 -5.97088E+01 -2.57484E+02 -1.99861E+01 -6.69308E+00 -3.41662E+02  5.51486E+01  3.81132E+01  8.13672E+02  4.60316E+02 -2.35973E+00  4.55928E+02 -2.56260E+02 -2.06014E+02  2.39571E+02 -5.63351E+02 -1.17130E+02  7.15391E+01 -1.44374E+03  3.92844E+01  2.42929E+02 -8.03095E+02  4.21756E+02
 OMEGA(4,2)    6.81112E+01  1.34915E+02 -1.39579E+01 -1.19123E+01 -4.81437E+01 -1.87306E+01  5.56852E+01 -1.07546E+02 -2.39765E+03  0.00000E+00  1.00629E+03 -2.10382E+01 -1.98578E+02 -3.65407E+02 -1.91661E+02 -4.18000E+02 -2.36583E+01  1.12269E+03  2.65291E+03  5.06220E+02 -1.26095E+02  2.09468E+02  4.68832E+02  1.27932E+02 -1.00207E+03 -1.14597E+02  5.85654E+00  2.75162E+00  7.49744E+01 -6.25744E+02 -5.41423E+01 -1.27187E+01  4.95391E+02  1.04227E+03  8.52404E+01  1.15365E+03 -3.08531E+02 -3.45287E+02  5.51974E+02 -1.96837E+02 -3.09349E+02  1.98616E+02 -2.00205E+03 -7.73003E+01  1.28666E+02 -1.21533E+03  4.16155E+02
 OMEGA(4,3)    3.59297E+01 -6.49629E+00 -1.96554E+02 -5.06656E+01 -5.59709E+00  4.80300E+01 -1.56201E+01  4.92851E+01  1.25842E+03  0.00000E+00  9.39084E+02  7.93263E+00 -1.40984E+02 -2.08329E+02 -3.86640E+02 -3.04886E+02  3.83317E+02  3.57389E+01  5.06220E+02  2.68974E+03  1.03121E+01  4.31556E+01  2.46584E+02  3.97065E+02 -1.56660E+02 -6.00689E+01  9.35255E+01  1.56140E+02 -4.29643E+02 -4.10728E+02 -1.65580E+02 -1.79060E+01  6.13157E+00  8.74674E+01  1.01719E+03  1.13339E+02  3.30004E+01 -5.96887E+01  1.96834E+01  1.68574E+02  1.88777E+02 -9.90289E+02 -1.05232E+03 -2.26403E+02  1.32536E+02 -3.54085E+02  2.47115E+02
 OMEGA(4,4)    4.64912E+00 -1.36059E+01 -6.83301E+01 -3.11308E+01 -7.97034E-01  1.45870E+01 -1.55452E+01  3.44397E+01  1.39375E+03  0.00000E+00  8.09408E+01  9.23083E+00  1.25794E+01  3.32141E+00 -3.09225E+01 -3.04044E+00  9.27043E+01 -1.29261E+02 -1.26095E+02  1.03121E+01  6.72283E+02 -2.69053E+01 -2.40808E+01  3.10375E+01  1.34604E+02  1.66505E+01  1.90516E+01  1.53470E+01 -2.15467E+01 -2.13927E+02 -1.88454E+01  1.66153E+01 -4.86404E+01 -5.42359E+01 -2.27380E+01  5.40529E+02  5.85764E+01 -6.52578E+01  1.02710E+02  3.40033E+01  2.61694E+01 -2.68022E+01 -4.15826E+02 -3.17095E+01  7.30777E+01 -1.62373E+02  7.77307E+01
 OMEGA(5,1)    9.07335E+01  1.92647E+02  8.43301E+01  6.26365E-02 -1.40680E+02 -1.20978E+02  9.20855E+01 -1.97279E+02 -1.75366E+03  0.00000E+00 -2.70277E+03 -8.29754E+02 -1.92613E+03 -1.15642E+03 -5.11339E+02 -6.39710E+02 -5.82222E+01  2.10506E+02  2.09468E+02  4.31556E+01 -2.69053E+01  3.55981E+03  3.01956E+03  6.08399E+02 -3.26765E+02 -1.37160E+03  1.51563E+03  1.51822E+03  4.44546E+02 -1.67075E+02 -1.55813E+03 -5.00690E+02 -1.39282E+03 -1.44011E+03 -3.68341E+02  1.07477E+02  1.59362E+03  8.46853E+02 -4.11483E+02  2.03912E+03  2.37936E+03  6.86631E+02 -2.58809E+02 -3.55145E+03 -1.75551E+03  1.57561E+03 -1.26694E+03
 OMEGA(5,2)    1.08906E+02  2.35420E+02  1.10271E+02 -5.39428E+00 -1.54460E+02 -1.37769E+02  9.76654E+01 -2.40984E+02 -7.02437E+03  0.00000E+00 -4.78060E+03 -6.51913E+02 -2.66845E+03 -2.65273E+03 -9.26409E+02 -1.72847E+03 -2.04774E+02  1.94259E+02  4.68832E+02  2.46584E+02 -2.40808E+01  3.01956E+03  6.64390E+03  1.93676E+03 -4.07243E+02 -2.23194E+03  1.57328E+03  3.24260E+03  1.07007E+03 -2.76781E+02 -2.78248E+03 -8.56332E+02 -1.59115E+03 -3.26851E+03 -1.00254E+03  2.16551E+02  3.41138E+03  1.76097E+03 -9.39726E+02  2.39937E+03  4.75137E+03  1.59326E+03 -4.48122E+02 -5.71416E+03 -2.96330E+03  2.88237E+03 -2.16569E+03
 OMEGA(5,3)    9.62017E+01  2.29435E+02  1.08093E+02 -1.85722E+00 -1.32735E+02 -1.17023E+02  1.02149E+02 -2.18807E+02 -4.11713E+03  0.00000E+00 -1.68227E+03 -8.81019E+01 -6.56604E+02 -7.94273E+02 -1.57835E+03 -2.41087E+03 -5.52776E+02 -2.65016E+01  1.27932E+02  3.97065E+02  3.10375E+01  6.08399E+02  1.93676E+03  5.14297E+03  1.04750E+01 -7.81833E+02  5.45588E+02  1.17829E+03  2.15871E+03 -5.74132E+01 -1.53311E+03 -4.99129E+02 -3.77559E+02 -9.24983E+02 -1.72205E+03  6.93644E+01  9.28257E+02  7.15490E+02 -2.18666E+02  7.82063E+02  1.56909E+03  2.40421E+03 -1.68899E+02 -2.73356E+03 -1.47297E+03  1.07341E+03 -8.52860E+02
 OMEGA(5,4)   -2.03129E+01 -4.67036E+01  2.82100E+00  2.60911E+00  4.97692E+00 -1.17010E+01 -1.66245E+01  2.98990E+01  8.47756E+02  0.00000E+00 -4.80269E+02  7.52455E+01  1.78299E+02  1.89070E+02  3.13104E+01  1.88549E+02  3.28538E+01 -6.95599E+02 -1.00207E+03 -1.56660E+02  1.34604E+02 -3.26765E+02 -4.07243E+02  1.04750E+01  2.40115E+03  2.09506E+02 -3.07181E+01 -8.02548E+01 -1.09142E+01  8.24002E+02 -2.65850E+02 -9.78739E+01 -2.41445E+02 -3.32675E+02 -7.64381E+00 -7.26778E+02  9.21676E+02  4.35446E+02 -3.43516E+02  4.58778E+01 -1.47572E+01 -1.00262E+02  9.11645E+02 -5.65820E+02 -2.64567E+02  6.09421E+02 -1.52893E+02
 OMEGA(5,5)   -6.92308E+01 -1.41761E+02 -6.00073E+01 -1.54205E+00  1.06109E+02  9.91495E+01 -6.90244E+01  1.50502E+02  1.72709E+03  0.00000E+00  2.39362E+03  1.81135E+02  5.68798E+02  4.81031E+02  2.77946E+02  4.62595E+02  5.58918E+01 -5.97088E+01 -1.14597E+02 -6.00689E+01  1.66505E+01 -1.37160E+03 -2.23194E+03 -7.81833E+02  2.09506E+02  2.25122E+03 -5.87012E+02 -9.15734E+02 -3.88323E+02  8.23931E+01  1.90349E+03  4.48336E+02  5.16498E+02  8.69453E+02  3.57553E+02 -5.43963E+01 -1.74608E+03 -7.95669E+02  3.52874E+02 -5.52155E+02 -8.46247E+02 -4.32004E+02  1.07085E+02  2.18654E+03  9.39087E+02 -8.43127E+02  4.01936E+02
 OMEGA(6,1)    3.26848E+01  8.25508E+01  4.84019E+01  5.13233E+00 -6.11736E+01 -5.33453E+01  4.39850E+01 -8.07804E+01 -2.49837E+03  0.00000E+00 -1.63351E+03 -5.35720E+02 -1.62980E+03 -1.11378E+03 -8.66005E+02 -7.21769E+02 -4.63051E+01 -2.57484E+02  5.85654E+00  9.35255E+01  1.90516E+01  1.51563E+03  1.57328E+03  5.45588E+02 -3.07181E+01 -5.87012E+02  2.59346E+03  2.17361E+03  5.16682E+02 -1.47539E+02 -1.50211E+03 -7.08712E+02 -1.21519E+03 -1.25523E+03 -3.72233E+02  1.70696E+01  8.40702E+02  1.06798E+03 -3.35773E+02  2.31292E+03  2.69024E+03  9.52367E+02  1.46521E+01 -2.07749E+03 -2.78434E+03  1.58959E+03 -1.73530E+03
 OMEGA(6,2)    1.66843E+01  3.92411E+01  2.01965E+01 -1.86763E+00 -1.54755E+01 -1.93567E+01  1.52974E+01 -3.70474E+01 -6.47989E+03  0.00000E+00 -3.84675E+03 -5.70634E+02 -2.40353E+03 -2.47349E+03 -9.74646E+02 -1.95873E+03 -3.28551E+02 -1.99861E+01  2.75162E+00  1.56140E+02  1.53470E+01  1.51822E+03  3.24260E+03  1.17829E+03 -8.02548E+01 -9.15734E+02  2.17361E+03  4.75422E+03  1.44117E+03 -2.04806E+02 -2.36838E+03 -1.21642E+03 -1.33349E+03 -2.76630E+03 -9.25597E+02  1.35494E+01  1.63244E+03  2.27271E+03 -7.55314E+02  2.63500E+03  5.51145E+03  1.99579E+03 -1.47269E+02 -3.37363E+03 -4.41117E+03  2.88875E+03 -2.87428E+03
 OMEGA(6,3)    5.43602E+01  1.14712E+02  1.94762E+01 -5.31195E+00 -5.36831E+01 -3.96292E+01  5.22994E+01 -1.00385E+02 -4.20646E+03  0.00000E+00 -3.47452E+03 -1.06211E+02 -6.45468E+02 -7.40027E+02 -1.06099E+03 -1.94139E+03 -1.15465E+03 -6.69308E+00  7.49744E+01 -4.29643E+02 -2.15467E+01  4.44546E+02  1.07007E+03  2.15871E+03 -1.09142E+01 -3.88323E+02  5.16682E+02  1.44117E+03  3.95128E+03  1.00521E+02 -9.92226E+02 -7.73810E+02 -3.59132E+02 -7.35683E+02 -1.43108E+03  5.82883E+01  5.28022E+02  6.95772E+02 -1.53601E+02  6.97708E+02  1.63957E+03  3.18579E+03  1.24098E+02 -1.46306E+03 -2.30793E+03  9.79755E+02 -1.17953E+03
 OMEGA(6,4)   -1.44132E+01 -8.64529E+00  7.48960E+01  1.87547E+01 -9.29936E+00 -4.05563E+01  3.99394E+00 -2.17963E+01  3.79837E+01  0.00000E+00 -8.55760E+02  5.58672E+01  1.75294E+02  2.15334E+02  5.91856E+01  1.88126E+02 -8.82542E+01 -3.41662E+02 -6.25744E+02 -4.10728E+02 -2.13927E+02 -1.67075E+02 -2.76781E+02 -5.74132E+01  8.24002E+02  8.23931E+01 -1.47539E+02 -2.04806E+02  1.00521E+02  1.65430E+03  8.56101E+01 -1.92365E+02 -9.87575E+01 -1.27158E+02 -4.25484E+01 -6.92084E+02  2.48598E+02  6.48001E+02 -2.34631E+02 -1.01386E+02 -2.25879E+02  3.11040E+01  1.14702E+03 -1.27388E+01 -5.13156E+02  5.16000E+02 -1.57429E+02
 OMEGA(6,5)   -5.97290E+01 -1.33408E+02 -6.51621E+01 -5.19542E+00  8.12584E+01  9.05513E+01 -6.52939E+01  1.38476E+02  2.80112E+03  0.00000E+00  4.79381E+03  3.10291E+02  1.16504E+03  1.08062E+03  6.70842E+02  1.04889E+03  1.77407E+02  5.51486E+01 -5.41423E+01 -1.65580E+02 -1.88454E+01 -1.55813E+03 -2.78248E+03 -1.53311E+03 -2.65850E+02  1.90349E+03 -1.50211E+03 -2.36838E+03 -9.92226E+02  8.56101E+01  4.08967E+03  1.32675E+03  8.68811E+02  1.50372E+03  6.80600E+02  3.05050E+01 -2.20496E+03 -1.82944E+03  5.68876E+02 -1.38648E+03 -2.34999E+03 -1.09783E+03  9.70475E+01  3.61808E+03  2.71929E+03 -1.74201E+03  1.31513E+03
 OMEGA(6,6)   -4.95208E+00 -1.76120E+01 -1.48021E+01 -4.26502E+00 -7.87637E+00  7.38881E+00 -8.37871E+00  1.79570E+01  9.44140E+02  0.00000E+00  3.09525E+03  1.43673E+02  5.88222E+02  5.59690E+02  3.43419E+02  5.24980E+02  1.59411E+02  3.81132E+01 -1.27187E+01 -1.79060E+01  1.66153E+01 -5.00690E+02 -8.56332E+02 -4.99129E+02 -9.78739E+01  4.48336E+02 -7.08712E+02 -1.21642E+03 -7.73810E+02 -1.92365E+02  1.32675E+03  1.09324E+03  3.61360E+02  6.13180E+02  2.85259E+02  4.55724E+01 -5.86076E+02 -9.15860E+02  2.03439E+02 -7.19090E+02 -1.30220E+03 -6.95939E+02 -5.87195E+01  1.21535E+03  1.79767E+03 -8.16242E+02  8.31710E+02
 OMEGA(7,1)   -1.06908E+02 -2.58168E+02 -1.00364E+02  2.99848E+00  1.18589E+02  1.01050E+02 -1.14088E+02  2.31086E+02  2.28200E+03  0.00000E+00  1.70119E+03  6.74897E+02  2.23854E+03  1.38311E+03  4.52597E+02  5.06856E+02  2.73483E+01  8.13672E+02  4.95391E+02  6.13157E+00 -4.86404E+01 -1.39282E+03 -1.59115E+03 -3.77559E+02 -2.41445E+02  5.16498E+02 -1.21519E+03 -1.33349E+03 -3.59132E+02 -9.87575E+01  8.68811E+02  3.61360E+02  3.21085E+03  2.57255E+03  3.14641E+02  1.02549E+02 -1.48336E+03 -1.02083E+03  8.91346E+02 -2.84651E+03 -3.33434E+03 -6.77590E+02 -5.91442E+02  1.98712E+03  1.62889E+03 -3.24946E+03  2.05527E+03
 OMEGA(7,2)   -1.83375E+02 -4.12632E+02 -1.24616E+02  2.02176E+01  1.86248E+02  1.51199E+02 -1.75981E+02  3.66711E+02  6.52396E+03  0.00000E+00  2.64624E+03  6.08506E+02  2.77758E+03  3.16190E+03  6.92411E+02  1.41585E+03  1.47172E+02  4.60316E+02  1.04227E+03  8.74674E+01 -5.42359E+01 -1.44011E+03 -3.26851E+03 -9.24983E+02 -3.32675E+02  8.69453E+02 -1.25523E+03 -2.76630E+03 -7.35683E+02 -1.27158E+02  1.50372E+03  6.13180E+02  2.57255E+03  5.99714E+03  1.26330E+03  3.70156E+02 -2.60269E+03 -2.02430E+03  2.12228E+03 -2.94586E+03 -6.66137E+03 -1.52583E+03 -6.82618E+02  3.33669E+03  2.72688E+03 -5.44808E+03  3.30945E+03
 OMEGA(7,3)   -1.17944E+02 -2.38286E+02 -4.02097E+01  2.71898E+01  1.30789E+02  9.17471E+01 -1.03743E+02  2.06739E+02  4.74630E+03  0.00000E+00  3.96010E+02  1.07968E+02  6.00580E+02  8.09558E+02  1.05846E+03  2.45934E+03  5.17094E+02 -2.35973E+00  8.52404E+01  1.01719E+03 -2.27380E+01 -3.68341E+02 -1.00254E+03 -1.72205E+03 -7.64381E+00  3.57553E+02 -3.72233E+02 -9.25597E+02 -1.43108E+03 -4.25484E+01  6.80600E+02  2.85259E+02  3.14641E+02  1.26330E+03  4.34324E+03  1.52935E+01 -6.59961E+02 -9.18357E+02  2.99995E+02 -6.97873E+02 -1.81845E+03 -3.06816E+03 -2.41932E+02  1.22603E+03  1.12913E+03 -1.98842E+03  1.16583E+03
 OMEGA(7,4)    3.66288E+01  7.18231E+01 -1.22701E+01 -1.03243E+01 -3.02649E+01 -1.67384E+01  3.08081E+01 -5.54401E+01  1.57759E+02  0.00000E+00  4.07837E+02 -8.77818E+00 -6.84671E+01 -1.57028E+02 -7.45976E+01 -2.15093E+02  5.75088E+01  4.55928E+02  1.15365E+03  1.13339E+02  5.40529E+02  1.07477E+02  2.16551E+02  6.93644E+01 -7.26778E+02 -5.43963E+01  1.70696E+01  1.35494E+01  5.82883E+01 -6.92084E+02  3.05050E+01  4.55724E+01  1.02549E+02  3.70156E+02  1.52935E+01  2.46601E+03 -1.54736E+02 -5.61328E+02  9.61184E+02 -7.10237E+01 -1.19021E+02  1.68656E+02 -1.68828E+03  5.25869E+01  2.71169E+02 -1.39653E+03  3.96148E+02
 OMEGA(7,5)    1.22699E+02  2.89066E+02  1.12295E+02 -1.03564E+01 -1.36254E+02 -1.15502E+02  1.22356E+02 -2.60756E+02 -3.71270E+03  0.00000E+00 -2.53284E+03 -2.92261E+02 -1.18106E+03 -1.16611E+03 -4.06237E+02 -7.33514E+02 -8.06086E+01 -2.56260E+02 -3.08531E+02  3.30004E+01  5.85764E+01  1.59362E+03  3.41138E+03  9.28257E+02  9.21676E+02 -1.74608E+03  8.40702E+02  1.63244E+03  5.28022E+02  2.48598E+02 -2.20496E+03 -5.86076E+02 -1.48336E+03 -2.60269E+03 -6.59961E+02 -1.54736E+02  4.65019E+03  2.00053E+03 -1.37065E+03  1.29567E+03  2.41307E+03  7.69850E+02  2.36131E+02 -3.96420E+03 -1.79587E+03  2.70850E+03 -1.23799E+03
 OMEGA(7,6)    6.93029E+01  1.73701E+02  6.31261E+01 -1.47490E+01 -5.23244E+01 -3.71704E+01  6.41736E+01 -1.40405E+02 -3.49580E+03  0.00000E+00 -2.51059E+03 -2.58623E+02 -1.07177E+03 -1.07506E+03 -4.68160E+02 -8.44910E+02 -1.83092E+02 -2.06014E+02 -3.45287E+02 -5.96887E+01 -6.52578E+01  8.46853E+02  1.76097E+03  7.15490E+02  4.35446E+02 -7.95669E+02  1.06798E+03  2.27271E+03  6.95772E+02  6.48001E+02 -1.82944E+03 -9.15860E+02 -1.02083E+03 -2.02430E+03 -9.18357E+02 -5.61328E+02  2.00053E+03  3.12525E+03 -1.12483E+03  1.31548E+03  2.63164E+03  1.00570E+03  5.29371E+02 -2.25658E+03 -2.84695E+03  2.86443E+03 -1.64701E+03
 OMEGA(7,7)   -8.04263E+01 -1.86635E+02 -5.48141E+01  1.27248E+01  7.40045E+01  5.41267E+01 -7.44489E+01  1.58739E+02  1.82146E+03  0.00000E+00  7.10155E+02  1.36832E+02  6.30931E+02  7.22925E+02  1.28717E+02  2.34065E+02  3.28185E+01  2.39571E+02  5.51974E+02  1.96834E+01  1.02710E+02 -4.11483E+02 -9.39726E+02 -2.18666E+02 -3.43516E+02  3.52874E+02 -3.35773E+02 -7.55314E+02 -1.53601E+02 -2.34631E+02  5.68876E+02  2.03439E+02  8.91346E+02  2.12228E+03  2.99995E+02  9.61184E+02 -1.37065E+03 -1.12483E+03  1.85420E+03 -7.74943E+02 -1.78109E+03 -2.82736E+02 -6.53649E+02  1.16014E+03  9.03070E+02 -2.71093E+03  1.07935E+03
 OMEGA(8,1)    7.20424E+01  2.01105E+02  1.12071E+02  4.57205E+00 -9.07383E+01 -8.26088E+01  8.90782E+01 -1.78822E+02 -3.45934E+03  0.00000E+00 -3.84386E+03 -1.88453E+03 -4.42272E+03 -2.71763E+03 -1.73579E+03 -1.35966E+03  7.92837E+00 -5.63351E+02 -1.96837E+02  1.68574E+02  3.40033E+01  2.03912E+03  2.39937E+03  7.82063E+02  4.58778E+01 -5.52155E+02  2.31292E+03  2.63500E+03  6.97708E+02 -1.01386E+02 -1.38648E+03 -7.19090E+02 -2.84651E+03 -2.94586E+03 -6.97873E+02 -7.10237E+01  1.29567E+03  1.31548E+03 -7.74943E+02  7.07140E+03  7.14560E+03  1.80073E+03  1.29337E+02 -3.46832E+03 -3.36515E+03  3.89272E+03 -4.91061E+03
 OMEGA(8,2)    5.14178E+01  1.38518E+02  7.77246E+01  1.69349E+00 -5.41767E+01 -5.30874E+01  5.78766E+01 -1.25553E+02 -1.29037E+04  0.00000E+00 -6.52121E+03 -1.54716E+03 -6.29559E+03 -6.10122E+03 -1.93532E+03 -3.73050E+03 -4.93340E+02 -1.17130E+02 -3.09349E+02  1.88777E+02  2.61694E+01  2.37936E+03  4.75137E+03  1.56909E+03 -1.47572E+01 -8.46247E+02  2.69024E+03  5.51145E+03  1.63957E+03 -2.25879E+02 -2.34999E+03 -1.30220E+03 -3.33434E+03 -6.66137E+03 -1.81845E+03 -1.19021E+02  2.41307E+03  2.63164E+03 -1.78109E+03  7.14560E+03  1.47223E+04  4.17965E+03 -7.58960E+01 -5.76408E+03 -5.98944E+03  7.51421E+03 -7.89529E+03
 OMEGA(8,3)    1.46232E+02  2.92161E+02  6.15078E+01 -4.15052E+00 -1.58283E+02 -1.15897E+02  1.44961E+02 -2.75241E+02 -1.05179E+04  0.00000E+00 -1.64117E+03 -2.32028E+02 -1.49916E+03 -1.69585E+03 -3.06464E+03 -4.61909E+03 -2.57912E+03  7.15391E+01  1.98616E+02 -9.90289E+02 -2.68022E+01  6.86631E+02  1.59326E+03  2.40421E+03 -1.00262E+02 -4.32004E+02  9.52367E+02  1.99579E+03  3.18579E+03  3.11040E+01 -1.09783E+03 -6.95939E+02 -6.77590E+02 -1.52583E+03 -3.06816E+03  1.68656E+02  7.69850E+02  1.00570E+03 -2.82736E+02  1.80073E+03  4.17965E+03  9.09760E+03  2.44702E+02 -2.07166E+03 -3.03728E+03  2.11993E+03 -3.42500E+03
 OMEGA(8,4)   -6.22884E+01 -1.01202E+02  8.93922E+01  4.52837E+01  2.75743E+01 -2.16719E+01 -2.66435E+01  4.72987E+01  1.14726E+03  0.00000E+00 -1.40974E+03  8.47273E+01  2.39955E+02  3.72185E+02  1.64326E+02  4.40054E+02 -2.14375E+02 -1.44374E+03 -2.00205E+03 -1.05232E+03 -4.15826E+02 -2.58809E+02 -4.48122E+02 -1.68899E+02  9.11645E+02  1.07085E+02  1.46521E+01 -1.47269E+02  1.24098E+02  1.14702E+03  9.70475E+01 -5.87195E+01 -5.91442E+02 -6.82618E+02 -2.41932E+02 -1.68828E+03  2.36131E+02  5.29371E+02 -6.53649E+02  1.29337E+02 -7.58960E+01  2.44702E+02  4.05318E+03  2.39013E+02 -6.35979E+02  2.03940E+03 -1.08343E+03
 OMEGA(8,5)   -1.10097E+02 -2.70738E+02 -1.36604E+02 -4.02314E+00  1.43168E+02  1.35308E+02 -1.21251E+02  2.56668E+02  5.61008E+03  0.00000E+00  5.87860E+03  8.16725E+02  2.77364E+03  2.47291E+03  1.16647E+03  1.79052E+03  2.35106E+02  3.92844E+01 -7.73003E+01 -2.26403E+02 -3.17095E+01 -3.55145E+03 -5.71416E+03 -2.73356E+03 -5.65820E+02  2.18654E+03 -2.07749E+03 -3.37363E+03 -1.46306E+03 -1.27388E+01  3.61808E+03  1.21535E+03  1.98712E+03  3.33669E+03  1.22603E+03  5.25869E+01 -3.96420E+03 -2.25658E+03  1.16014E+03 -3.46832E+03 -5.76408E+03 -2.07166E+03  2.39013E+02  8.63766E+03  4.47258E+03 -4.15566E+03  3.33284E+03
 OMEGA(8,6)   -1.24015E+01 -6.64096E+01 -5.89746E+01 -1.55384E+01 -2.08123E+00  1.63732E+01 -3.84656E+01  5.26624E+01  5.47371E+03  0.00000E+00  5.74730E+03  6.46897E+02  2.52624E+03  2.35530E+03  1.24656E+03  1.84242E+03  6.06475E+02  2.42929E+02  1.28666E+02  1.32536E+02  7.30777E+01 -1.75551E+03 -2.96330E+03 -1.47297E+03 -2.64567E+02  9.39087E+02 -2.78434E+03 -4.41117E+03 -2.30793E+03 -5.13156E+02  2.71929E+03  1.79767E+03  1.62889E+03  2.72688E+03  1.12913E+03  2.71169E+02 -1.79587E+03 -2.84695E+03  9.03070E+02 -3.36515E+03 -5.98944E+03 -3.03728E+03 -6.35979E+02  4.47258E+03  7.04900E+03 -4.00999E+03  4.30447E+03
 OMEGA(8,7)    1.82725E+02  4.48868E+02  1.53742E+02 -1.58296E+01 -1.73843E+02 -1.42969E+02  1.91754E+02 -3.77595E+02 -6.24185E+03  0.00000E+00 -3.43230E+03 -7.06103E+02 -2.88558E+03 -2.74998E+03 -8.41170E+02 -1.49567E+03 -2.53335E+02 -8.03095E+02 -1.21533E+03 -3.54085E+02 -1.62373E+02  1.57561E+03  2.88237E+03  1.07341E+03  6.09421E+02 -8.43127E+02  1.58959E+03  2.88875E+03  9.79755E+02  5.16000E+02 -1.74201E+03 -8.16242E+02 -3.24946E+03 -5.44808E+03 -1.98842E+03 -1.39653E+03  2.70850E+03  2.86443E+03 -2.71093E+03  3.89272E+03  7.51421E+03  2.11993E+03  2.03940E+03 -4.15566E+03 -4.00999E+03  8.74811E+03 -5.22440E+03
 OMEGA(8,8)   -3.20621E+01 -1.22910E+02 -7.87209E+01 -1.26409E+01  2.11778E+01  2.98216E+01 -5.95429E+01  9.60304E+01  5.68678E+03  0.00000E+00  4.07484E+03  9.27715E+02  3.16028E+03  2.75764E+03  1.31242E+03  1.76478E+03  5.20387E+02  4.21756E+02  4.16155E+02  2.47115E+02  7.77307E+01 -1.26694E+03 -2.16569E+03 -8.52860E+02 -1.52893E+02  4.01936E+02 -1.73530E+03 -2.87428E+03 -1.17953E+03 -1.57429E+02  1.31513E+03  8.31710E+02  2.05527E+03  3.30945E+03  1.16583E+03  3.96148E+02 -1.23799E+03 -1.64701E+03  1.07935E+03 -4.91061E+03 -7.89529E+03 -3.42500E+03 -1.08343E+03  3.33284E+03  4.30447E+03 -5.22440E+03  6.38865E+03
