TABLE NO.     1: First Order Conditional Estimation with Interaction (No Prior): Problem=1 Subproblem=0 Superproblem1=0 Iteration1=0 Superproblem2=0 Iteration2=0
 NAME         THETA1       THETA2       THETA3       THETA4       THETA5       THETA6       THETA7       THETA8       SIGMA(1,1)   SIGMA(2,1)   SIGMA(2,2)   OMEGA(1,1)   OMEGA(2,1)   OMEGA(2,2)   OMEGA(3,1)   OMEGA(3,2)   OMEGA(3,3)   OMEGA(4,1)   OMEGA(4,2)   OMEGA(4,3)   OMEGA(4,4)   OMEGA(5,1)   OMEGA(5,2)   OMEGA(5,3)   OMEGA(5,4)   OMEGA(5,5)   OMEGA(6,1)   OMEGA(6,2)   OMEGA(6,3)   OMEGA(6,4)   OMEGA(6,5)   OMEGA(6,6)   OMEGA(7,1)   OMEGA(7,2)   OMEGA(7,3)   OMEGA(7,4)   OMEGA(7,5)   OMEGA(7,6)   OMEGA(7,7)   OMEGA(8,1)   OMEGA(8,2)   OMEGA(8,3)   OMEGA(8,4)   OMEGA(8,5)   OMEGA(8,6)   OMEGA(8,7)   OMEGA(8,8)
 THETA1        7.04805E-02 -1.91997E-01  2.08957E-01  1.11688E-01  1.51118E-01 -7.41172E-02  1.23807E-01  4.13704E-01  4.67019E-04  0.00000E+00  1.50443E-02  3.67086E-03 -4.03891E-03  1.86008E-03 -5.61898E-03 -1.54539E-02  3.46234E-03  2.82064E-03 -2.93062E-03 -2.75974E-02 -9.80055E-03 -1.64483E-03  1.90381E-03  1.05809E-02 -1.58765E-03  1.99850E-03  3.20013E-03 -3.39803E-03 -1.19280E-03  4.31936E-03 -3.27222E-05  1.36025E-03 -1.06991E-03 -1.03126E-03  1.47470E-02  4.45071E-03  2.69000E-03  2.72975E-03 -6.54897E-04  1.72449E-03 -6.12300E-03 -1.23062E-02 -5.72736E-03 -1.16717E-04  1.55352E-03  2.59375E-03 -6.97377E-03
 THETA2       -1.91997E-01  7.26536E-02 -7.28279E-02  2.37486E-01  1.02822E-01 -2.30247E-02 -2.97306E-01  2.94612E-01 -5.64786E-04  0.00000E+00 -6.35631E-03 -7.21419E-03  1.01970E-01 -2.45134E-01  9.89644E-03  1.18730E-01  4.25249E-03  9.92123E-04 -1.73567E-01  3.44946E-02  5.10094E-03 -5.78038E-03  1.20993E-02 -3.11302E-02  4.39929E-03 -1.97700E-03 -9.49380E-03  4.04776E-02 -7.97180E-04  4.43517E-03 -8.96965E-03  3.67473E-03 -1.41865E-02  2.39766E-01 -2.92939E-02  1.36120E-02 -1.79844E-02 -3.27843E-02 -4.28717E-02 -1.11219E-02  1.90289E-02 -6.87529E-04  3.00706E-02 -6.85933E-03 -1.37624E-02 -4.07501E-02  6.88634E-03
 THETA3        2.08957E-01 -7.28279E-02  4.97859E-02  5.52354E-02  8.12400E-03  9.49458E-02  1.55583E-01  3.15924E-01  1.20241E-02  0.00000E+00 -3.58895E-02 -1.09236E-02  2.47952E-03  2.75530E-02  2.79486E-02  5.82339E-02 -9.99737E-02 -1.83485E-02  5.86029E-02  1.83937E-01  1.14075E-01  9.25283E-03 -5.61213E-03 -5.50357E-02  3.67888E-03 -8.22060E-03 -3.49415E-03  1.06010E-02  1.97749E-02 -1.62124E-02  3.74902E-03  1.11337E-03  8.00498E-03 -3.06093E-02 -9.16496E-02 -4.25721E-02 -1.16790E-02 -4.80525E-03  5.95617E-03 -6.27089E-03  2.32566E-02  2.19328E-02  2.14021E-02  2.52904E-03  7.09806E-03 -1.05916E-02  1.72725E-02
 THETA4        1.11688E-01  2.37486E-01  5.52354E-02  7.03320E-02 -1.44789E-01  9.13388E-02 -3.33714E-01  2.12118E-01 -6.91982E-03  0.00000E+00 -6.45308E-03 -2.32974E-03 -2.17223E-03  1.00707E-02  1.23593E-02  1.98034E-02 -4.04382E-02  4.42799E-04  1.85759E-02  6.24581E-02  6.77682E-02  3.62288E-03  8.26615E-04 -1.55489E-02 -2.49701E-03 -5.39350E-04  4.38817E-04  6.27541E-03  6.82591E-03  6.54978E-03  2.40123E-03  2.36312E-04  3.50860E-03 -1.12256E-02 -4.10371E-02 -2.32221E-02 -1.95112E-03  3.08841E-03  1.47008E-03  2.13350E-04  4.96981E-03  1.48010E-03  3.00121E-03  3.24232E-03  8.06748E-03 -3.15336E-03  4.33447E-03
 THETA5        1.51118E-01  1.02822E-01  8.12400E-03 -1.44789E-01  5.75958E-02 -3.40053E-01  1.88771E-01  8.55254E-02  5.98206E-03  0.00000E+00 -5.60835E-03  2.04743E-03 -1.48612E-02  1.55545E-02 -9.24064E-04 -5.10408E-03 -5.28672E-03 -5.57524E-04  1.81522E-02  1.89309E-02  1.02315E-02  2.00146E-02  7.13042E-03  5.45909E-03  1.33567E-02 -2.08585E-02  2.49194E-02 -3.75371E-03  4.60887E-03  1.60646E-02 -4.03419E-03  2.71365E-02  9.06430E-03 -1.78702E-02 -1.06177E-02  2.68431E-03 -1.05964E-02 -4.78921E-03 -1.70539E-03  2.10888E-03  4.36670E-03  1.35131E-02  1.30462E-02  9.42438E-03  1.40433E-02  3.34619E-03  1.69092E-02
 THETA6       -7.41172E-02 -2.30247E-02  9.49458E-02  9.13388E-02 -3.40053E-01  6.83492E-02  4.93365E-02 -2.23686E-01 -3.98009E-03  0.00000E+00 -1.16816E-03  3.48393E-03 -1.20635E-02  1.58074E-02 -1.61784E-03 -1.16700E-02  1.60910E-02  3.96654E-03  1.53796E-02 -1.24426E-02  7.16711E-03  2.07286E-02  5.18963E-03  1.77047E-02  1.86305E-02 -2.54939E-02  1.07436E-02  9.99515E-03 -7.85236E-03  4.83964E-02 -2.21810E-02  5.69579E-03  7.93538E-03 -2.17628E-02  3.69348E-03  1.07319E-02 -1.01982E-02 -3.75472E-02  4.03493E-03  5.24210E-03 -1.30054E-03  9.50867E-03  1.42148E-02  1.37905E-02  1.30945E-02  1.15043E-02  1.24049E-02
 THETA7        1.23807E-01 -2.97306E-01  1.55583E-01 -3.33714E-01  1.88771E-01  4.93365E-02  6.56013E-02  2.48961E-01  5.49979E-03  0.00000E+00  4.79470E-04  1.76258E-03 -1.53966E-02  2.61826E-02 -3.20875E-03 -1.98195E-02 -6.31960E-03  3.11483E-04  2.24133E-02 -5.29660E-03 -2.93075E-04  3.81411E-03  1.04909E-02  6.82467E-03  5.97990E-03 -6.14847E-03  6.09197E-03 -4.59878E-03  1.41401E-03  7.09098E-03  6.13008E-04  1.32733E-03  3.18279E-03 -2.71257E-02  5.52568E-03  2.77454E-03 -5.97285E-03  6.51620E-03 -8.17259E-04  3.56997E-03 -1.61019E-03 -2.25770E-03  1.68822E-03  3.39014E-03  1.37277E-02  5.23736E-03  5.78887E-03
 THETA8        4.13704E-01  2.94612E-01  3.15924E-01  2.12118E-01  8.55254E-02 -2.23686E-01  2.48961E-01  6.15449E-02  2.74478E-03  0.00000E+00  2.57209E-03 -3.02404E-03 -1.69332E-02  4.41270E-02  3.90784E-03 -8.75451E-03 -5.06932E-03 -1.96664E-03  3.88226E-02  1.99483E-02  8.30511E-03  5.83542E-03  7.77110E-03 -2.25012E-03  8.26989E-03 -6.79037E-03  2.38489E-03 -2.59459E-03  2.52561E-03  5.56061E-03  7.62022E-04 -1.20299E-03  4.07122E-03 -4.07095E-02 -5.78320E-03 -1.88449E-03 -7.97892E-03  3.84576E-03  1.73219E-04  7.88039E-04  1.10882E-02  1.47298E-02  9.19829E-03  5.26876E-03  1.09683E-02 -1.59655E-03  1.41231E-02
 SIGMA(1,1)    4.67019E-04 -5.64786E-04  1.20241E-02 -6.91982E-03  5.98206E-03 -3.98009E-03  5.49979E-03  2.74478E-03  6.40987E-04  0.00000E+00 -2.84281E-02  4.28870E-03  1.90464E-02 -3.59190E-02 -1.26711E-02 -3.01256E-02 -5.30062E-02 -3.05330E-03  3.01110E-03 -3.83559E-02 -2.66800E-02 -2.93436E-03  3.41603E-03  5.24601E-03  1.63446E-03 -2.84022E-03  7.75103E-03  2.49277E-03 -3.61205E-03 -2.11492E-03  1.08575E-03  1.40669E-02 -6.20240E-03  7.71216E-03  4.36648E-03 -5.08122E-03  5.17084E-03  9.49879E-03  6.01663E-04 -3.33990E-03 -1.98000E-03 -1.71585E-02 -1.73074E-02  3.53430E-03  4.02369E-03  3.75530E-03 -3.95652E-03
 SIGMA(2,1)    0.00000E+00  0.00000E+00  0.00000E+00  0.00000E+00  0.00000E+00  0.00000E+00  0.00000E+00  0.00000E+00  0.00000E+00  0.00000E+00  0.00000E+00  0.00000E+00  0.00000E+00  0.00000E+00  0.00000E+00  0.00000E+00  0.00000E+00  0.00000E+00  0.00000E+00  0.00000E+00  0.00000E+00  0.00000E+00  0.00000E+00  0.00000E+00  0.00000E+00  0.00000E+00  0.00000E+00  0.00000E+00  0.00000E+00  0.00000E+00  0.00000E+00  0.00000E+00  0.00000E+00  0.00000E+00  0.00000E+00  0.00000E+00  0.00000E+00  0.00000E+00  0.00000E+00  0.00000E+00  0.00000E+00  0.00000E+00  0.00000E+00  0.00000E+00  0.00000E+00  0.00000E+00  0.00000E+00
 SIGMA(2,2)    1.50443E-02 -6.35631E-03 -3.58895E-02 -6.45308E-03 -5.60835E-03 -1.16816E-03  4.79470E-04  2.57209E-03 -2.84281E-02  0.00000E+00  1.22316E-03 -5.63701E-03 -2.04004E-03 -2.87777E-03  1.42850E-02 -3.39581E-03 -1.42359E-02  4.68242E-03 -1.48498E-02 -8.71078E-03 -2.46760E-03  1.54331E-03  1.29764E-02 -1.34777E-02 -1.42001E-04 -1.03453E-02 -1.68737E-02  7.60280E-03  3.08118E-02  1.72011E-02 -1.62111E-02 -5.38929E-02  9.69754E-04  1.24254E-02  2.59153E-03  9.07805E-03 -8.21893E-03 -8.29301E-03 -5.68999E-03  6.88177E-03  5.50109E-03 -1.92670E-02  7.00090E-03 -8.40576E-03  1.08300E-02 -4.52379E-03 -9.18840E-03
 OMEGA(1,1)    3.67086E-03 -7.21419E-03 -1.09236E-02 -2.32974E-03  2.04743E-03  3.48393E-03  1.76258E-03 -3.02404E-03  4.28870E-03  0.00000E+00 -5.63701E-03  4.96445E-02 -2.74768E-01  3.52546E-02  3.06897E-01 -8.07160E-02  3.82887E-02  1.64833E-01 -3.60528E-02  1.68001E-02  8.40155E-03  2.13734E-01 -4.83586E-02  4.67511E-02  2.18692E-02  2.14847E-02 -1.04829E-01  2.34219E-02 -2.91533E-02 -1.42932E-02 -1.40002E-02  9.53339E-03  1.72814E-01 -3.08559E-02  5.02173E-02  2.33452E-02  2.88785E-02 -1.17719E-02  1.42358E-02  5.42819E-01 -1.18948E-01  1.14710E-01  6.19985E-02  8.60931E-02 -4.34473E-02  7.19906E-02  1.69850E-01
 OMEGA(2,1)   -4.03891E-03  1.01970E-01  2.47952E-03 -2.17223E-03 -1.48612E-02 -1.20635E-02 -1.53966E-02 -1.69332E-02  1.90464E-02  0.00000E+00 -2.04004E-03 -2.74768E-01  3.48519E-02 -3.57316E-01 -1.26755E-01  2.39271E-01 -3.08743E-02  2.24314E-01 -4.43935E-02  5.71484E-02  3.86822E-02  7.74548E-02  1.20873E-01  5.14764E-03  4.30038E-02  2.05026E-02 -2.83777E-03 -5.05398E-02  8.46746E-03 -2.20520E-02 -1.17740E-02  1.86013E-03 -3.22507E-01  2.37035E-01 -8.18433E-02  5.91397E-04 -3.07139E-02  1.99900E-02 -5.73910E-02  2.18371E-01  2.94860E-01  3.58606E-02  1.47992E-01  9.24651E-02 -3.31907E-02 -8.36084E-02  1.90996E-01
 OMEGA(2,2)    1.86008E-03 -2.45134E-01  2.75530E-02  1.00707E-02  1.55545E-02  1.58074E-02  2.61826E-02  4.41270E-02 -3.59190E-02  0.00000E+00 -2.87777E-03  3.52546E-02 -3.57316E-01  4.98870E-02  3.48047E-02 -1.83212E-01  2.21180E-02 -6.96925E-02  4.47216E-01 -4.95738E-03  7.32931E-02 -2.65034E-02  1.38068E-01  3.82390E-04  4.09326E-02  2.74645E-02  1.62058E-03 -3.45962E-02 -3.51742E-03 -1.56759E-02  1.66551E-03 -1.32879E-02  9.12879E-02 -4.95535E-01  2.32157E-02 -1.15410E-01 -3.44414E-02  2.57226E-03  1.03877E-01 -7.47503E-02  4.36072E-01 -8.16962E-04  1.06596E-01  5.41843E-02 -2.28945E-02 -1.27797E-01  1.01301E-01
 OMEGA(3,1)   -5.61898E-03  9.89644E-03  2.79486E-02  1.23593E-02 -9.24064E-04 -1.61784E-03 -3.20875E-03  3.90784E-03 -1.26711E-02  0.00000E+00  1.42850E-02  3.06897E-01 -1.26755E-01  3.48047E-02  2.45760E-02 -1.40515E-01  3.44706E-01  4.62745E-02  1.83244E-02  1.74551E-01  3.05890E-02  3.60229E-02 -3.39900E-03  1.41080E-01  1.26541E-02  3.45730E-03  8.18158E-02 -1.26076E-02 -2.05615E-02  2.63487E-02  1.40986E-02 -2.43946E-02  1.87683E-01 -3.93801E-02  1.04828E-01  4.11732E-03  1.49246E-02 -2.31358E-03  2.77588E-02  3.67502E-01 -7.48130E-02  4.84152E-01  6.73728E-02  5.39732E-02  2.03968E-02  9.39747E-02  1.88314E-01
 OMEGA(3,2)   -1.54539E-02  1.18730E-01  5.82339E-02  1.98034E-02 -5.10408E-03 -1.16700E-02 -1.98195E-02 -8.75451E-03 -3.01256E-02  0.00000E+00 -3.39581E-03 -8.07160E-02  2.39271E-01 -1.83212E-01 -1.40515E-01  2.31913E-02 -7.22010E-02  7.20211E-02 -2.08327E-02  2.77195E-01  3.21259E-02  3.29448E-02  1.90148E-03  1.38269E-01  4.33330E-03 -4.43952E-03 -3.53960E-02  1.28047E-01  3.10093E-03  2.85760E-02  2.04638E-03 -1.31044E-02 -9.81412E-02  2.01434E-01 -3.16613E-01  2.38774E-02  2.01732E-02 -3.43871E-02 -6.11397E-02  1.35094E-02  2.32367E-01  3.20123E-01  1.01064E-01  4.97438E-02  4.74707E-02 -3.72468E-02  1.75072E-01
 OMEGA(3,3)    3.46234E-03  4.25249E-03 -9.99737E-02 -4.04382E-02 -5.28672E-03  1.60910E-02 -6.31960E-03 -5.06932E-03 -5.30062E-02  0.00000E+00 -1.42359E-02  3.82887E-02 -3.08743E-02  2.21180E-02  3.44706E-01 -7.22010E-02  2.46364E-02  2.95918E-02  4.86533E-03  4.57650E-05 -4.04440E-02  2.98695E-03  4.75054E-03  2.68345E-02  8.05398E-04  9.40647E-03  2.43934E-02 -9.54327E-03  1.06227E-01  1.25466E-02 -4.10104E-03  1.00655E-03  5.51981E-02 -2.14963E-02  1.85883E-01 -8.06308E-04 -3.62226E-03  2.24258E-02  2.71031E-02  8.63967E-02 -2.57379E-02  4.75166E-01  4.10832E-02  1.50979E-02  2.85958E-02  6.19910E-02  1.03604E-01
 OMEGA(4,1)    2.82064E-03  9.92123E-04 -1.83485E-02  4.42799E-04 -5.57524E-04  3.96654E-03  3.11483E-04 -1.96664E-03 -3.05330E-03  0.00000E+00  4.68242E-03  1.64833E-01  2.24314E-01 -6.96925E-02  4.62745E-02  7.20211E-02  2.95918E-02  3.50061E-02 -1.50502E-01  2.13872E-01  1.63371E-01 -1.28623E-01  7.56260E-02 -2.55770E-02  1.34350E-01 -3.08474E-02  8.48549E-02 -3.24105E-02  3.30381E-02 -5.21506E-02  2.12997E-02 -1.58006E-02 -3.15814E-01  9.15931E-02 -8.13328E-02  7.58490E-02 -6.96053E-02  3.21377E-02 -5.95122E-02  2.38948E-01  6.35981E-02  6.34450E-02  4.34076E-01 -2.63936E-02  2.61770E-02 -1.09719E-01  1.22885E-01
 OMEGA(4,2)   -2.93062E-03 -1.73567E-01  5.86029E-02  1.85759E-02  1.81522E-02  1.53796E-02  2.24133E-02  3.88226E-02  3.01110E-03  0.00000E+00 -1.48498E-02 -3.60528E-02 -4.43935E-02  4.47216E-01  1.83244E-02 -2.08327E-02  4.86533E-03 -1.50502E-01  3.57791E-02 -2.54868E-02  3.45986E-01  4.52021E-02 -1.14331E-01  3.32469E-02  8.35560E-02 -2.29115E-02 -1.44065E-02  4.61224E-02 -5.65230E-03  8.81041E-03  1.34304E-02 -9.21461E-04  4.15758E-02 -4.82004E-01  3.35895E-03 -3.56987E-01  1.14690E-02 -1.04042E-02  1.59956E-01  5.06997E-03  2.38144E-01  1.89040E-02  3.61980E-01 -1.37083E-02  3.73044E-02 -1.45405E-01  1.06650E-01
 OMEGA(4,3)   -2.75974E-02  3.44946E-02  1.83937E-01  6.24581E-02  1.89309E-02 -1.24426E-02 -5.29660E-03  1.99483E-02 -3.83559E-02  0.00000E+00 -8.71078E-03  1.68001E-02  5.71484E-02 -4.95738E-03  1.74551E-01  2.77195E-01  4.57650E-05  2.13872E-01 -2.54868E-02  2.56681E-02  1.11810E-01 -1.42567E-02  7.35846E-03 -1.82970E-01 -7.48674E-03 -6.65092E-03  3.63162E-02  2.30397E-02  1.04661E-01  9.40225E-02 -6.24623E-03  1.65746E-02 -5.01504E-02  4.78969E-02 -3.55197E-01  1.08347E-01 -3.16336E-02 -2.88618E-02 -6.65557E-02  6.82473E-02  8.47654E-02  2.38135E-01  3.26258E-01 -3.95275E-02  4.53091E-02 -8.00739E-02  9.83787E-02
 OMEGA(4,4)   -9.80055E-03  5.10094E-03  1.14075E-01  6.77682E-02  1.02315E-02  7.16711E-03 -2.93075E-04  8.30511E-03 -2.66800E-02  0.00000E+00 -2.46760E-03  8.40155E-03  3.86822E-02  7.32931E-02  3.05890E-02  3.21259E-02 -4.04440E-02  1.63371E-01  3.45986E-01  1.11810E-01  5.10542E-02 -1.67229E-02 -5.08855E-02 -3.30066E-02 -2.05519E-01  1.66509E-02  1.61394E-02  3.49397E-02  1.95795E-02  1.40573E-01 -1.68976E-02  3.69590E-03 -4.93383E-02 -1.15606E-01 -4.05572E-02 -4.44452E-01  6.02469E-02 -4.91392E-02  1.11128E-01  3.07449E-02  8.23558E-02  1.93910E-02  2.84512E-01 -4.10440E-02  3.16490E-02 -9.74971E-02  4.57229E-02
 OMEGA(5,1)   -1.64483E-03 -5.78038E-03  9.25283E-03  3.62288E-03  2.00146E-02  2.07286E-02  3.81411E-03  5.83542E-03 -2.93436E-03  0.00000E+00  1.54331E-03  2.13734E-01  7.74548E-02 -2.65034E-02  3.60229E-02  3.29448E-02  2.98695E-03 -1.28623E-01  4.52021E-02 -1.42567E-02 -1.67229E-02  2.90300E-02 -1.83212E-01  2.16243E-01  9.76470E-02  2.07267E-01 -3.44503E-01  6.65923E-02 -8.28891E-02 -2.02150E-02 -1.15950E-01  4.60437E-02  2.08214E-01 -2.41960E-02  2.89771E-02  5.64278E-03  1.44136E-01 -5.61571E-02  3.01167E-02  1.34843E-01  3.58455E-02  2.56428E-02 -3.73878E-02  4.22228E-01 -1.44756E-01  8.05429E-02  5.40080E-02
 OMEGA(5,2)    1.90381E-03  1.20993E-02 -5.61213E-03  8.26615E-04  7.13042E-03  5.18963E-03  1.04909E-02  7.77110E-03  3.41603E-03  0.00000E+00  1.29764E-02 -4.83586E-02  1.20873E-01  1.38068E-01 -3.39900E-03  1.90148E-03  4.75054E-03  7.56260E-02 -1.14331E-01  7.35846E-03 -5.08855E-02 -1.83212E-01  2.66382E-02 -7.18506E-02  2.58200E-01  1.83086E-01  6.99857E-02 -3.35016E-01  2.70688E-02 -7.86060E-02 -4.82325E-02 -8.75917E-03 -8.68196E-02  1.66185E-01 -5.62787E-03  9.69609E-02 -2.81873E-01  9.85717E-02 -9.58794E-02  3.77212E-02  1.50089E-01  4.62532E-03 -2.66482E-02  3.73538E-01 -1.17657E-01  3.50863E-02  4.60213E-02
 OMEGA(5,3)    1.05809E-02 -3.11302E-02 -5.50357E-02 -1.55489E-02  5.45909E-03  1.77047E-02  6.82467E-03 -2.25012E-03  5.24601E-03  0.00000E+00 -1.34777E-02  4.67511E-02  5.14764E-03  3.82390E-04  1.41080E-01  1.38269E-01  2.68345E-02 -2.55770E-02  3.32469E-02 -1.82970E-01 -3.30066E-02  2.16243E-01 -7.18506E-02  1.97936E-02  4.10537E-02  1.73591E-02 -6.47680E-02  4.65866E-02 -3.59872E-01 -3.04647E-02  9.79528E-02 -6.21346E-02  6.40196E-02  2.24054E-03  1.84350E-01 -1.47603E-02  1.56194E-01 -4.16525E-02  3.57116E-02  6.41268E-02  3.64607E-02  7.56932E-02 -5.07891E-02  3.19018E-01 -1.02312E-01  7.26361E-02  4.27048E-02
 OMEGA(5,4)   -1.58765E-03  4.39929E-03  3.67888E-03 -2.49701E-03  1.33567E-02  1.86305E-02  5.97990E-03  8.26989E-03  1.63446E-03  0.00000E+00 -1.42001E-04  2.18692E-02  4.30038E-02  4.09326E-02  1.26541E-02  4.33330E-03  8.05398E-04  1.34350E-01  8.35560E-02 -7.48674E-03 -2.05519E-01  9.76470E-02  2.58200E-01  4.10537E-02  2.88951E-02 -2.11292E-01 -1.98062E-02 -6.95061E-02 -7.92986E-03 -3.44214E-01  1.30028E-01 -3.35437E-02 -2.26442E-02  1.28278E-02  6.67114E-03  2.23318E-01 -3.60447E-01  1.19505E-01 -9.19732E-02  4.74038E-02  4.65625E-02  1.01487E-02  5.30343E-02  1.97010E-01 -5.41448E-02  1.29057E-02  3.22297E-02
 OMEGA(5,5)    1.99850E-03 -1.97700E-03 -8.22060E-03 -5.39350E-04 -2.08585E-02 -2.54939E-02 -6.14847E-03 -6.79037E-03 -2.84022E-03  0.00000E+00 -1.03453E-02  2.14847E-02  2.05026E-02  2.74645E-02  3.45730E-03 -4.43952E-03  9.40647E-03 -3.08474E-02 -2.29115E-02 -6.65092E-03  1.66509E-02  2.07267E-01  1.83086E-01  1.73591E-02 -2.11292E-01  3.31052E-02 -7.56404E-02 -6.86590E-02 -1.64748E-04  6.57460E-02 -4.62039E-01  8.92336E-02  4.08383E-02  1.06538E-02  1.49836E-03 -4.11405E-02  2.71950E-01 -7.15315E-02  4.34639E-02  1.87022E-02 -3.43636E-03  2.20784E-03 -2.02416E-02  1.23582E-01 -3.51536E-02  2.70057E-02  8.00812E-03
 OMEGA(6,1)    3.20013E-03 -9.49380E-03 -3.49415E-03  4.38817E-04  2.49194E-02  1.07436E-02  6.09197E-03  2.38489E-03  7.75103E-03  0.00000E+00 -1.68737E-02 -1.04829E-01 -2.83777E-03  1.62058E-03  8.18158E-02 -3.53960E-02  2.43934E-02  8.48549E-02 -1.44065E-02  3.63162E-02  1.61394E-02 -3.44503E-01  6.99857E-02 -6.47680E-02 -1.98062E-02 -7.56404E-02  3.40092E-02 -1.99563E-01  2.08647E-01  1.07118E-01  1.78927E-01 -7.49109E-02  4.09275E-02 -7.05083E-03  2.75230E-02  1.83563E-02 -3.46469E-02  1.23429E-01  1.65407E-03 -2.35002E-01  4.52785E-02 -3.81788E-03  2.25895E-02 -1.74428E-01  4.17341E-01 -1.22231E-02 -1.23359E-01
 OMEGA(6,2)   -3.39803E-03  4.04776E-02  1.06010E-02  6.27541E-03 -3.75371E-03  9.99515E-03 -4.59878E-03 -2.59459E-03  2.49277E-03  0.00000E+00  7.60280E-03  2.34219E-02 -5.05398E-02 -3.45962E-02 -1.26076E-02  1.28047E-01 -9.54327E-03 -3.24105E-02  4.61224E-02  2.30397E-02  3.49397E-02  6.65923E-02 -3.35016E-01  4.65866E-02 -6.95061E-02 -6.86590E-02 -1.99563E-01  3.20414E-02 -7.21031E-02  2.50623E-01  1.10856E-01 -2.38205E-02  1.81616E-02  4.26969E-02 -4.02291E-02 -1.12690E-02  1.11776E-01 -3.12365E-01 -1.16329E-02  2.52644E-02 -2.49639E-01  5.19933E-02 -1.59727E-02 -1.34496E-01  3.56564E-01  9.80499E-02 -1.01224E-01
 OMEGA(6,3)   -1.19280E-03 -7.97180E-04  1.97749E-02  6.82591E-03  4.60887E-03 -7.85236E-03  1.41401E-03  2.52561E-03 -3.61205E-03  0.00000E+00  3.08118E-02 -2.91533E-02  8.46746E-03 -3.51742E-03 -2.05615E-02  3.10093E-03  1.06227E-01  3.30381E-02 -5.65230E-03  1.04661E-01  1.95795E-02 -8.28891E-02  2.70688E-02 -3.59872E-01 -7.92986E-03 -1.64748E-04  2.08647E-01 -7.21031E-02  2.30303E-02  3.51002E-02 -3.68772E-02  1.43209E-01  2.49733E-03  2.09857E-03  3.02775E-02  7.44010E-03 -6.24334E-02  1.51115E-01  4.82117E-03 -6.47352E-02  2.70516E-02 -1.93326E-01  2.77235E-02 -1.14961E-01  2.89246E-01 -3.34704E-02 -1.09127E-01
 OMEGA(6,4)    4.31936E-03  4.43517E-03 -1.62124E-02  6.54978E-03  1.60646E-02  4.83964E-02  7.09098E-03  5.56061E-03 -2.11492E-03  0.00000E+00  1.72011E-02 -1.42932E-02 -2.20520E-02 -1.56759E-02  2.63487E-02  2.85760E-02  1.25466E-02 -5.21506E-02  8.81041E-03  9.40225E-02  1.40573E-01 -2.02150E-02 -7.86060E-02 -3.04647E-02 -3.44214E-01  6.57460E-02  1.07118E-01  2.50623E-01  3.51002E-02  3.41385E-02 -1.77527E-01  1.19800E-01  3.72051E-02  2.00571E-02 -4.70650E-02  1.26574E-02  9.44356E-02 -3.19908E-01 -2.74679E-02 -3.07796E-02 -5.30691E-02  2.54638E-02 -1.88316E-01 -3.72315E-02  1.89808E-01  8.08626E-02 -6.40661E-02
 OMEGA(6,5)   -3.27222E-05 -8.96965E-03  3.74902E-03  2.40123E-03 -4.03419E-03 -2.21810E-02  6.13008E-04  7.62022E-04  1.08575E-03  0.00000E+00 -1.62111E-02 -1.40002E-02 -1.17740E-02  1.66551E-03  1.40986E-02  2.04638E-03 -4.10104E-03  2.12997E-02  1.34304E-02 -6.24623E-03 -1.68976E-02 -1.15950E-01 -4.82325E-02  9.79528E-02  1.30028E-01 -4.62039E-01  1.78927E-01  1.10856E-01 -3.68772E-02 -1.77527E-01  2.94533E-02 -4.59030E-01 -4.70041E-03 -2.92943E-03  1.16679E-02  5.32515E-03 -1.31478E-02  1.82857E-01  9.83585E-03 -3.57874E-02 -3.30839E-02  4.03259E-03  3.78451E-02 -2.41609E-01  1.40138E-01 -3.82079E-02 -2.70265E-02
 OMEGA(6,6)    1.36025E-03  3.67473E-03  1.11337E-03  2.36312E-04  2.71365E-02  5.69579E-03  1.32733E-03 -1.20299E-03  1.40669E-02  0.00000E+00 -5.38929E-02  9.53339E-03  1.86013E-03 -1.32879E-02 -2.43946E-02 -1.31044E-02  1.00655E-03 -1.58006E-02 -9.21461E-04  1.65746E-02  3.69590E-03  4.60437E-02 -8.75917E-03 -6.21346E-02 -3.35437E-02  8.92336E-02 -7.49109E-02 -2.38205E-02  1.43209E-01  1.19800E-01 -4.59030E-01  4.77202E-02 -4.00044E-03  8.74931E-03  7.84541E-03  6.60406E-03 -3.25082E-02  4.81402E-02 -1.30547E-03  1.74468E-02  1.81382E-02 -3.94541E-02 -3.09616E-02  9.24906E-02 -3.12623E-01 -2.08326E-02  4.46176E-02
 OMEGA(7,1)   -1.06991E-03 -1.41865E-02  8.00498E-03  3.50860E-03  9.06430E-03  7.93538E-03  3.18279E-03  4.07122E-03 -6.20240E-03  0.00000E+00  9.69754E-04  1.72814E-01 -3.22507E-01  9.12879E-02  1.87683E-01 -9.81412E-02  5.51981E-02 -3.15814E-01  4.15758E-02 -5.01504E-02 -4.93383E-02  2.08214E-01 -8.68196E-02  6.40196E-02 -2.26442E-02  4.08383E-02  4.09275E-02  1.81616E-02  2.49733E-03  3.72051E-02 -4.70041E-03 -4.00044E-03  3.29377E-02 -2.15824E-01  2.41916E-01  7.25918E-02  1.69599E-01 -7.40937E-02  1.70886E-01  2.74312E-01 -1.61219E-01  1.25297E-01 -1.00165E-01  1.17907E-01  2.99694E-03  4.28432E-01  1.49215E-01
 OMEGA(7,2)   -1.03126E-03  2.39766E-01 -3.06093E-02 -1.12256E-02 -1.78702E-02 -2.17628E-02 -2.71257E-02 -4.07095E-02  7.71216E-03  0.00000E+00  1.24254E-02 -3.08559E-02  2.37035E-01 -4.95535E-01 -3.93801E-02  2.01434E-01 -2.14963E-02  9.15931E-02 -4.82004E-01  4.78969E-02 -1.15606E-01 -2.41960E-02  1.66185E-01  2.24054E-03  1.28278E-02  1.06538E-02 -7.05083E-03  4.26969E-02  2.09857E-03  2.00571E-02 -2.92943E-03  8.74931E-03 -2.15824E-01  3.55290E-02 -1.01655E-01  3.21610E-01  3.40701E-02 -2.10214E-02 -4.04613E-01 -6.80275E-03  1.27817E-01  1.14570E-02 -3.56840E-02  7.34616E-02  1.62608E-02  2.13594E-01  1.02931E-01
 OMEGA(7,3)    1.47470E-02 -2.92939E-02 -9.16496E-02 -4.10371E-02 -1.06177E-02  3.69348E-03  5.52568E-03 -5.78320E-03  4.36648E-03  0.00000E+00  2.59153E-03  5.02173E-02 -8.18433E-02  2.32157E-02  1.04828E-01 -3.16613E-01  1.85883E-01 -8.13328E-02  3.35895E-03 -3.55197E-01 -4.05572E-02  2.89771E-02 -5.62787E-03  1.84350E-01  6.67114E-03  1.49836E-03  2.75230E-02 -4.02291E-02  3.02775E-02 -4.70650E-02  1.16679E-02  7.84541E-03  2.41916E-01 -1.01655E-01  2.25115E-02 -1.82883E-02  2.09084E-02  1.05626E-01  2.15506E-01  9.50077E-02 -1.17791E-01  2.11062E-01 -1.22124E-01  5.24930E-02  3.85271E-02  3.48621E-01  1.01022E-01
 OMEGA(7,4)    4.45071E-03  1.36120E-02 -4.25721E-02 -2.32221E-02  2.68431E-03  1.07319E-02  2.77454E-03 -1.88449E-03 -5.08122E-03  0.00000E+00  9.07805E-03  2.33452E-02  5.91397E-04 -1.15410E-01  4.11732E-03  2.38774E-02 -8.06308E-04  7.58490E-02 -3.56987E-01  1.08347E-01 -4.44452E-01  5.64278E-03  9.69609E-02 -1.47603E-02  2.23318E-01 -4.11405E-02  1.83563E-02 -1.12690E-02  7.44010E-03  1.26574E-02  5.32515E-03  6.60406E-03  7.25918E-02  3.21610E-01 -1.82883E-02  3.42186E-02 -2.01439E-01  6.60488E-02 -4.54337E-01  5.39453E-02 -2.34606E-04  1.45299E-02  1.50841E-01  2.01091E-03  2.94189E-02  1.20306E-01  7.04228E-02
 OMEGA(7,5)    2.69000E-03 -1.79844E-02 -1.16790E-02 -1.95112E-03 -1.05964E-02 -1.01982E-02 -5.97285E-03 -7.97892E-03  5.17084E-03  0.00000E+00 -8.21893E-03  2.88785E-02 -3.07139E-02 -3.44414E-02  1.49246E-02  2.01732E-02 -3.62226E-03 -6.96053E-02  1.14690E-02 -3.16336E-02  6.02469E-02  1.44136E-01 -2.81873E-01  1.56194E-01 -3.60447E-01  2.71950E-01 -3.46469E-02  1.11776E-01 -6.24334E-02  9.44356E-02 -1.31478E-02 -3.25082E-02  1.69599E-01  3.40701E-02  2.09084E-02 -2.01439E-01  2.72612E-02 -3.26771E-01  2.66884E-01  3.92150E-02 -4.96472E-03 -4.05682E-03 -6.98368E-02  2.53079E-01 -9.18602E-02  1.21732E-01  1.77534E-02
 OMEGA(7,6)    2.72975E-03 -3.27843E-02 -4.80525E-03  3.08841E-03 -4.78921E-03 -3.75472E-02  6.51620E-03  3.84576E-03  9.49879E-03  0.00000E+00 -8.29301E-03 -1.17719E-02  1.99900E-02  2.57226E-03 -2.31358E-03 -3.43871E-02  2.24258E-02  3.21377E-02 -1.04042E-02 -2.88618E-02 -4.91392E-02 -5.61571E-02  9.85717E-02 -4.16525E-02  1.19505E-01 -7.15315E-02  1.23429E-01 -3.12365E-01  1.51115E-01 -3.19908E-01  1.82857E-01  4.81402E-02 -7.40937E-02 -2.10214E-02  1.05626E-01  6.60488E-02 -3.26771E-01  3.17122E-02  5.85568E-02 -5.19590E-02  7.07647E-02 -1.60036E-02  8.86261E-02 -1.38649E-01  2.07790E-01 -2.19033E-01 -8.54691E-02
 OMEGA(7,7)   -6.54897E-04 -4.28717E-02  5.95617E-03  1.47008E-03 -1.70539E-03  4.03493E-03 -8.17259E-04  1.73219E-04  6.01663E-04  0.00000E+00 -5.68999E-03  1.42358E-02 -5.73910E-02  1.03877E-01  2.77588E-02 -6.11397E-02  2.71031E-02 -5.95122E-02  1.59956E-01 -6.65557E-02  1.11128E-01  3.01167E-02 -9.58794E-02  3.57116E-02 -9.19732E-02  4.34639E-02  1.65407E-03 -1.16329E-02  4.82117E-03 -2.74679E-02  9.83585E-03 -1.30547E-03  1.70886E-01 -4.04613E-01  2.15506E-01 -4.54337E-01  2.66884E-01  5.85568E-02  4.31006E-02  3.56355E-02 -9.97626E-02  5.20225E-02 -1.15295E-01  6.51526E-02  1.01559E-02  3.35855E-01  5.46584E-02
 OMEGA(8,1)    1.72449E-03 -1.11219E-02 -6.27089E-03  2.13350E-04  2.10888E-03  5.24210E-03  3.56997E-03  7.88039E-04 -3.33990E-03  0.00000E+00  6.88177E-03  5.42819E-01  2.18371E-01 -7.47503E-02  3.67502E-01  1.35094E-02  8.63967E-02  2.38948E-01  5.06997E-03  6.82473E-02  3.07449E-02  1.34843E-01  3.77212E-02  6.41268E-02  4.74038E-02  1.87022E-02 -2.35002E-01  2.52644E-02 -6.47352E-02 -3.07796E-02 -3.57874E-02  1.74468E-02  2.74312E-01 -6.80275E-03  9.50077E-02  5.39453E-02  3.92150E-02 -5.19590E-02  3.56355E-02  3.32151E-02 -5.16979E-02  3.08931E-01  1.87934E-01  1.73691E-01 -1.48689E-01  2.05402E-01  5.41188E-01
 OMEGA(8,2)   -6.12300E-03  1.90289E-02  2.32566E-02  4.96981E-03  4.36670E-03 -1.30054E-03 -1.61019E-03  1.10882E-02 -1.98000E-03  0.00000E+00  5.50109E-03 -1.18948E-01  2.94860E-01  4.36072E-01 -7.48130E-02  2.32367E-01 -2.57379E-02  6.35981E-02  2.38144E-01  8.47654E-02  8.23558E-02  3.58455E-02  1.50089E-01  3.64607E-02  4.65625E-02 -3.43636E-03  4.52785E-02 -2.49639E-01  2.70516E-02 -5.30691E-02 -3.30839E-02  1.81382E-02 -1.61219E-01  1.27817E-01 -1.17791E-01 -2.34606E-04 -4.96472E-03  7.07647E-02 -9.97626E-02 -5.16979E-02  3.04918E-02  5.50447E-02  3.23300E-01  1.39419E-01 -8.45724E-02 -2.05435E-01  4.73817E-01
 OMEGA(8,3)   -1.23062E-02 -6.87529E-04  2.19328E-02  1.48010E-03  1.35131E-02  9.50867E-03 -2.25770E-03  1.47298E-02 -1.71585E-02  0.00000E+00 -1.92670E-02  1.14710E-01  3.58606E-02 -8.16962E-04  4.84152E-01  3.20123E-01  4.75166E-01  6.34450E-02  1.89040E-02  2.38135E-01  1.93910E-02  2.56428E-02  4.62532E-03  7.56932E-02  1.01487E-02  2.20784E-03 -3.81788E-03  5.19933E-02 -1.93326E-01  2.54638E-02  4.03259E-03 -3.94541E-02  1.25297E-01  1.14570E-02  2.11062E-01  1.45299E-02 -4.05682E-03 -1.60036E-02  5.20225E-02  3.08931E-01  5.50447E-02  2.22230E-02  1.05002E-01  3.84776E-02  3.00638E-02  2.06345E-01  4.34782E-01
 OMEGA(8,4)   -5.72736E-03  3.00706E-02  2.14021E-02  3.00121E-03  1.30462E-02  1.42148E-02  1.68822E-03  9.19829E-03 -1.73074E-02  0.00000E+00  7.00090E-03  6.19985E-02  1.47992E-01  1.06596E-01  6.73728E-02  1.01064E-01  4.10832E-02  4.34076E-01  3.61980E-01  3.26258E-01  2.84512E-01 -3.73878E-02 -2.66482E-02 -5.07891E-02  5.30343E-02 -2.02416E-02  2.25895E-02 -1.59727E-02  2.77235E-02 -1.88316E-01  3.78451E-02 -3.09616E-02 -1.00165E-01 -3.56840E-02 -1.22124E-01  1.50841E-01 -6.98368E-02  8.86261E-02 -1.15295E-01  1.87934E-01  3.23300E-01  1.05002E-01  3.10743E-02 -1.20279E-01  4.79783E-02 -2.70978E-01  3.00695E-01
 OMEGA(8,5)   -1.16717E-04 -6.85933E-03  2.52904E-03  3.24232E-03  9.42438E-03  1.37905E-02  3.39014E-03  5.26876E-03  3.53430E-03  0.00000E+00 -8.40576E-03  8.60931E-02  9.24651E-02  5.41843E-02  5.39732E-02  4.97438E-02  1.50979E-02 -2.63936E-02 -1.37083E-02 -3.95275E-02 -4.10440E-02  4.22228E-01  3.73538E-01  3.19018E-01  1.97010E-01  1.23582E-01 -1.74428E-01 -1.34496E-01 -1.14961E-01 -3.72315E-02 -2.41609E-01  9.24906E-02  1.17907E-01  7.34616E-02  5.24930E-02  2.01091E-03  2.53079E-01 -1.38649E-01  6.51526E-02  1.73691E-01  1.39419E-01  3.84776E-02 -1.20279E-01  2.52221E-02 -3.57071E-01  2.02258E-01  1.27829E-01
 OMEGA(8,6)    1.55352E-03 -1.37624E-02  7.09806E-03  8.06748E-03  1.40433E-02  1.30945E-02  1.37277E-02  1.09683E-02  4.02369E-03  0.00000E+00  1.08300E-02 -4.34473E-02 -3.31907E-02 -2.28945E-02  2.03968E-02  4.74707E-02  2.85958E-02  2.61770E-02  3.73044E-02  4.53091E-02  3.16490E-02 -1.44756E-01 -1.17657E-01 -1.02312E-01 -5.41448E-02 -3.51536E-02  4.17341E-01  3.56564E-01  2.89246E-01  1.89808E-01  1.40138E-01 -3.12623E-01  2.99694E-03  1.62608E-02  3.85271E-02  2.94189E-02 -9.18602E-02  2.07790E-01  1.01559E-02 -1.48689E-01 -8.45724E-02  3.00638E-02  4.79783E-02 -3.57071E-01  3.01110E-02 -4.96471E-03 -3.02894E-01
 OMEGA(8,7)    2.59375E-03 -4.07501E-02 -1.05916E-02 -3.15336E-03  3.34619E-03  1.15043E-02  5.23736E-03 -1.59655E-03  3.75530E-03  0.00000E+00 -4.52379E-03  7.19906E-02 -8.36084E-02 -1.27797E-01  9.39747E-02 -3.72468E-02  6.19910E-02 -1.09719E-01 -1.45405E-01 -8.00739E-02 -9.74971E-02  8.05429E-02  3.50863E-02  7.26361E-02  1.29057E-02  2.70057E-02 -1.22231E-02  9.80499E-02 -3.34704E-02  8.08626E-02 -3.82079E-02 -2.08326E-02  4.28432E-01  2.13594E-01  3.48621E-01  1.20306E-01  1.21732E-01 -2.19033E-01  3.35855E-01  2.05402E-01 -2.05435E-01  2.06345E-01 -2.70978E-01  2.02258E-01 -4.96471E-03  2.93188E-02  3.34298E-01
 OMEGA(8,8)   -6.97377E-03  6.88634E-03  1.72725E-02  4.33447E-03  1.69092E-02  1.24049E-02  5.78887E-03  1.41231E-02 -3.95652E-03  0.00000E+00 -9.18840E-03  1.69850E-01  1.90996E-01  1.01301E-01  1.88314E-01  1.75072E-01  1.03604E-01  1.22885E-01  1.06650E-01  9.83787E-02  4.57229E-02  5.40080E-02  4.60213E-02  4.27048E-02  3.22297E-02  8.00812E-03 -1.23359E-01 -1.01224E-01 -1.09127E-01 -6.40661E-02 -2.70265E-02  4.46176E-02  1.49215E-01  1.02931E-01  1.01022E-01  7.04228E-02  1.77534E-02 -8.54691E-02  5.46584E-02  5.41188E-01  4.73817E-01  4.34782E-01  3.00695E-01  1.27829E-01 -3.02894E-01  3.34298E-01  3.79852E-02
