TABLE NO.     1: First Order Conditional Estimation with Interaction (No Prior): Problem=1 Subproblem=0 Superproblem1=0 Iteration1=0 Superproblem2=0 Iteration2=0
 NAME         THETA1       THETA2       THETA3       THETA4       THETA5       THETA6       THETA7       THETA8       SIGMA(1,1)   SIGMA(2,1)   SIGMA(2,2)   OMEGA(1,1)   OMEGA(2,1)   OMEGA(2,2)   OMEGA(3,1)   OMEGA(3,2)   OMEGA(3,3)   OMEGA(4,1)   OMEGA(4,2)   OMEGA(4,3)   OMEGA(4,4)   OMEGA(5,1)   OMEGA(5,2)   OMEGA(5,3)   OMEGA(5,4)   OMEGA(5,5)   OMEGA(6,1)   OMEGA(6,2)   OMEGA(6,3)   OMEGA(6,4)   OMEGA(6,5)   OMEGA(6,6)   OMEGA(7,1)   OMEGA(7,2)   OMEGA(7,3)   OMEGA(7,4)   OMEGA(7,5)   OMEGA(7,6)   OMEGA(7,7)   OMEGA(8,1)   OMEGA(8,2)   OMEGA(8,3)   OMEGA(8,4)   OMEGA(8,5)   OMEGA(8,6)   OMEGA(8,7)   OMEGA(8,8)
 THETA1        3.40333E+02  2.08268E+02  1.01322E+01 -2.09128E+01 -1.21852E+02 -6.53842E+01  9.56938E+01 -2.71031E+02 -7.59797E+01  0.00000E+00 -1.43153E+02 -2.87589E+01 -6.11045E+01  8.88874E+00 -8.16347E+01 -1.23361E+02 -4.54868E+01  2.72452E+01  6.80919E+01  3.58422E+01  4.67011E+00  9.01960E+01  1.08367E+02  9.61138E+01 -2.02796E+01 -6.90837E+01  3.23250E+01  1.62947E+01  5.42471E+01 -1.43562E+01 -5.95067E+01 -4.87266E+00 -1.06649E+02 -1.83030E+02 -1.17736E+02  3.65394E+01  1.22493E+02  6.91338E+01 -8.03196E+01  7.10572E+01  5.03010E+01  1.45890E+02 -6.22514E+01 -1.09493E+02 -1.19564E+01  1.82347E+02 -3.14241E+01
 THETA2        2.08268E+02  4.94214E+02  1.12652E+02 -1.68258E+01 -1.83272E+02 -1.28551E+02  2.30995E+02 -3.89658E+02 -3.53634E+02  0.00000E+00  2.61498E+02 -6.48059E+01 -1.43774E+02  2.14398E+01 -1.92757E+02 -2.64065E+02 -5.73287E+01  6.82900E+01  1.34930E+02 -6.59337E+00 -1.36155E+01  1.92183E+02  2.34310E+02  2.29072E+02 -4.65664E+01 -1.41569E+02  8.21288E+01  3.83768E+01  1.14424E+02 -8.57108E+00 -1.33001E+02 -1.74420E+01 -2.57734E+02 -4.11812E+02 -2.37786E+02  7.16893E+01  2.88599E+02  1.73300E+02 -1.86370E+02  2.00092E+02  1.36287E+02  2.91390E+02 -1.01114E+02 -2.69775E+02 -6.55854E+01  4.48015E+02 -1.21861E+02
 THETA3        1.01322E+01  1.12652E+02  5.38684E+02  1.52739E+01 -4.76627E+01 -1.00562E+02  3.79050E+01 -2.17772E+02 -6.59830E+02  0.00000E+00  7.36706E+02 -2.79765E+01 -8.11687E+01 -1.25478E+01 -1.02690E+02 -7.39638E+01  1.01520E+02  2.72506E+01 -1.40760E+01 -1.96314E+02 -6.84755E+01  8.42084E+01  1.09931E+02  1.07400E+02  3.02818E+00 -5.99525E+01  4.82104E+01  1.99335E+01  1.92521E+01  7.48720E+01 -6.49532E+01 -1.47209E+01 -1.00169E+02 -1.24358E+02 -4.00706E+01 -1.22900E+01  1.12085E+02  6.29797E+01 -5.47070E+01  1.11617E+02  7.69894E+01  6.07338E+01  8.94766E+01 -1.36137E+02 -5.85835E+01  1.53421E+02 -7.82221E+01
 THETA4       -2.09128E+01 -1.68258E+01  1.52739E+01  2.72243E+02  1.94513E+01 -4.88730E+01  1.15314E+02 -9.69615E+01  1.08976E+02  0.00000E+00  1.12774E+02  1.75105E+00  6.57594E-02 -1.32795E-01 -1.19787E+01  1.16085E+01  3.90447E+01 -2.81743E+00 -1.17568E+01 -5.08967E+01 -3.10952E+01  1.03867E-01 -5.29266E+00 -1.91053E+00  2.51052E+00 -1.54267E+00  5.10890E+00 -1.92409E+00 -5.56993E+00  1.86574E+01 -4.98882E+00 -4.03797E+00  3.01325E+00  2.02952E+01  2.75811E+01 -1.00763E+01 -1.05545E+01 -1.50810E+01  1.28146E+01  4.61143E+00  1.71873E+00 -4.16745E+00  4.49765E+01 -4.04745E+00 -1.52920E+01 -1.61208E+01 -1.25885E+01
 THETA5       -1.21852E+02 -1.83272E+02 -4.76627E+01  1.94513E+01  4.41467E+02  1.64416E+02 -1.49270E+02  1.81928E+02  7.95691E+01  0.00000E+00  2.47714E+01  3.69044E+01  9.07864E+01  7.08778E+00  1.11802E+02  1.44931E+02  3.27409E+01 -1.81877E+01 -4.80675E+01 -5.42483E+00 -7.57802E-01 -1.40107E+02 -1.53584E+02 -1.32622E+02  5.02246E+00  1.05636E+02 -6.08542E+01 -1.49764E+01 -5.36064E+01 -9.35678E+00  8.07137E+01 -8.03441E+00  1.18349E+02  1.85844E+02  1.30578E+02 -3.01849E+01 -1.35890E+02 -5.20744E+01  7.38781E+01 -9.02684E+01 -5.32607E+01 -1.58021E+02  2.74157E+01  1.42146E+02 -2.64262E+00 -1.73406E+02  2.07345E+01
 THETA6       -6.53842E+01 -1.28551E+02 -1.00562E+02 -4.88730E+01  1.64416E+02  3.21893E+02 -1.29371E+02  2.19702E+02  2.35216E+02  0.00000E+00 -8.12454E+01  3.05545E+01  7.88545E+01  9.90804E+00  9.66002E+01  1.08827E+02 -8.08578E+00 -1.00483E+01 -1.86812E+01  4.79904E+01  1.45873E+01 -1.20839E+02 -1.37447E+02 -1.16841E+02 -1.17207E+01  9.90763E+01 -5.30121E+01 -1.88618E+01 -3.95039E+01 -4.04577E+01  9.01298E+01  7.16027E+00  1.00882E+02  1.50910E+02  9.15433E+01 -1.66925E+01 -1.15268E+02 -3.69163E+01  5.40312E+01 -8.22844E+01 -5.24198E+01 -1.15561E+02 -2.16829E+01  1.34906E+02  1.56703E+01 -1.42629E+02  2.94209E+01
 THETA7        9.56938E+01  2.30995E+02  3.79050E+01  1.15314E+02 -1.49270E+02 -1.29371E+02  4.29430E+02 -3.04306E+02 -1.64694E+02  0.00000E+00  1.28207E+02 -2.84531E+01 -6.16842E+01  1.53066E+01 -9.48003E+01 -1.14594E+02 -1.17043E+01  2.66818E+01  5.58100E+01 -1.56188E+01 -1.54945E+01  9.17282E+01  9.69816E+01  1.01930E+02 -1.67058E+01 -6.87992E+01  4.36955E+01  1.48269E+01  5.21669E+01  3.91328E+00 -6.49419E+01 -8.25133E+00 -1.13500E+02 -1.75073E+02 -1.03385E+02  3.09117E+01  1.21661E+02  6.36970E+01 -7.41711E+01  8.84313E+01  5.66610E+01  1.44560E+02 -2.68437E+01 -1.20465E+02 -3.78789E+01  1.90594E+02 -5.88139E+01
 THETA8       -2.71031E+02 -3.89658E+02 -2.17772E+02 -9.69615E+01  1.81928E+02  2.19702E+02 -3.04306E+02  7.41682E+02  3.52948E+02  0.00000E+00 -3.44499E+02  6.22057E+01  1.44610E+02 -9.46479E+00  1.92604E+02  2.43931E+02  1.91644E+01 -5.80016E+01 -1.07650E+02  4.92997E+01  3.44326E+01 -1.96785E+02 -2.40107E+02 -2.18418E+02  2.98418E+01  1.50351E+02 -8.02480E+01 -3.62309E+01 -1.00128E+02 -2.17737E+01  1.38020E+02  1.77384E+01  2.30608E+02  3.65941E+02  2.06273E+02 -5.54146E+01 -2.60256E+02 -1.39950E+02  1.58491E+02 -1.77429E+02 -1.23222E+02 -2.74353E+02  4.75393E+01  2.55441E+02  5.15174E+01 -3.76584E+02  9.44198E+01
 SIGMA(1,1)   -7.59797E+01 -3.53634E+02 -6.59830E+02  1.08976E+02  7.95691E+01  2.35216E+02 -1.64694E+02  3.52948E+02  2.48080E+06  0.00000E+00  4.13081E+04  3.00782E+02  4.30588E+03  7.70242E+03  3.06233E+03  9.97755E+03  6.33275E+03 -1.32471E+03 -2.23667E+03  2.42822E+03  1.44577E+03 -2.05420E+03 -6.90894E+03 -4.27508E+03  9.37167E+02  1.76049E+03 -2.28264E+03 -6.30423E+03 -4.28277E+03  1.74055E+02  2.90623E+03  9.70210E+02  2.06251E+03  6.37951E+03  4.91058E+03  3.51915E+02 -3.54097E+03 -3.45706E+03  1.81590E+03 -3.42930E+03 -1.27284E+04 -1.02450E+04  1.00548E+03  5.72238E+03  5.42969E+03 -6.18441E+03  5.63041E+03
 SIGMA(2,1)    0.00000E+00  0.00000E+00  0.00000E+00  0.00000E+00  0.00000E+00  0.00000E+00  0.00000E+00  0.00000E+00  0.00000E+00  0.00000E+00  0.00000E+00  0.00000E+00  0.00000E+00  0.00000E+00  0.00000E+00  0.00000E+00  0.00000E+00  0.00000E+00  0.00000E+00  0.00000E+00  0.00000E+00  0.00000E+00  0.00000E+00  0.00000E+00  0.00000E+00  0.00000E+00  0.00000E+00  0.00000E+00  0.00000E+00  0.00000E+00  0.00000E+00  0.00000E+00  0.00000E+00  0.00000E+00  0.00000E+00  0.00000E+00  0.00000E+00  0.00000E+00  0.00000E+00  0.00000E+00  0.00000E+00  0.00000E+00  0.00000E+00  0.00000E+00  0.00000E+00  0.00000E+00  0.00000E+00
 SIGMA(2,2)   -1.43153E+02  2.61498E+02  7.36706E+02  1.12774E+02  2.47714E+01 -8.12454E+01  1.28207E+02 -3.44499E+02  4.13081E+04  0.00000E+00  6.84320E+05  1.26085E+03  3.28625E+03  2.73685E+03 -4.38087E+02  1.34601E+03  1.45217E+03  2.59397E+02  7.68491E+02  5.59630E+02  7.54899E+01 -2.70282E+03 -4.67149E+03 -1.31650E+03 -4.80879E+02  2.37159E+03 -1.72967E+03 -4.34436E+03 -3.33623E+03 -9.66139E+02  4.79172E+03  3.06915E+03  1.59874E+03  2.66179E+03  5.89643E+02  4.04634E+02 -2.50616E+03 -2.59533E+03  7.01986E+02 -3.85981E+03 -6.53480E+03 -1.57741E+03 -1.07715E+03  5.73735E+03  5.65336E+03 -3.36593E+03  4.00695E+03
 OMEGA(1,1)   -2.87589E+01 -6.48059E+01 -2.79765E+01  1.75105E+00  3.69044E+01  3.05545E+01 -2.84531E+01  6.22057E+01  3.00782E+02  0.00000E+00  1.26085E+03  1.12663E+03  1.45775E+03  6.66864E+02  1.19359E+02  2.45247E+02  3.70037E+01 -1.17630E+02 -2.08718E+01  9.28593E+00  9.29124E+00 -8.28278E+02 -6.50567E+02 -8.72741E+01  7.51537E+01  1.80234E+02 -5.35368E+02 -5.68918E+02 -1.05985E+02  5.62415E+01  3.09769E+02  1.43854E+02  6.75458E+02  6.08239E+02  1.03797E+02 -9.03936E+00 -2.92316E+02 -2.58419E+02  1.36902E+02 -1.88330E+03 -1.54613E+03 -2.31175E+02  8.33971E+01  8.15005E+02  6.47272E+02 -7.05942E+02  9.27583E+02
 OMEGA(2,1)   -6.11045E+01 -1.43774E+02 -8.11687E+01  6.57594E-02  9.07864E+01  7.88545E+01 -6.16842E+01  1.44610E+02  4.30588E+03  0.00000E+00  3.28625E+03  1.45775E+03  4.81963E+03  3.04509E+03  1.15869E+03  1.30358E+03  1.07136E+02 -1.29816E+02 -1.96429E+02 -1.34601E+02  1.29826E+01 -1.92421E+03 -2.66519E+03 -6.53197E+02  1.77448E+02  5.67087E+02 -1.62768E+03 -2.39603E+03 -6.45170E+02  1.75230E+02  1.16419E+03  5.89086E+02  2.23952E+03  2.77392E+03  5.86954E+02 -6.75741E+01 -1.17832E+03 -1.06979E+03  6.30085E+02 -4.42176E+03 -6.29403E+03 -1.49487E+03  2.32910E+02  2.77144E+03  2.52852E+03 -2.88393E+03  3.16236E+03
 OMEGA(2,2)    8.88874E+00  2.14398E+01 -1.25478E+01 -1.32795E-01  7.08778E+00  9.90804E+00  1.53066E+01 -9.46479E+00  7.70242E+03  0.00000E+00  2.73685E+03  6.66864E+02  3.04509E+03  3.45099E+03  8.53316E+02  1.83746E+03  2.07037E+02 -1.43280E+02 -3.63025E+02 -2.05330E+02  3.68694E+00 -1.15332E+03 -2.64639E+03 -7.89360E+02  1.89601E+02  4.78427E+02 -1.10974E+03 -2.46074E+03 -7.37257E+02  2.16595E+02  1.07670E+03  5.58102E+02  1.38168E+03  3.15350E+03  7.96530E+02 -1.55067E+02 -1.15822E+03 -1.06956E+03  7.20339E+02 -2.71493E+03 -6.09449E+03 -1.68906E+03  3.67863E+02  2.46694E+03  2.35078E+03 -2.74316E+03  2.75538E+03
 OMEGA(3,1)   -8.16347E+01 -1.92757E+02 -1.02690E+02 -1.19787E+01  1.11802E+02  9.66002E+01 -9.48003E+01  1.92604E+02  3.06233E+03  0.00000E+00 -4.38087E+02  1.19359E+02  1.15869E+03  8.53316E+02  3.80210E+03  2.21462E+03  3.40833E+01  8.54783E+01 -1.89393E+02 -3.87867E+02 -3.15312E+01 -5.12700E+02 -9.24072E+02 -1.57491E+03  3.05225E+01  2.78239E+02 -8.62792E+02 -9.68260E+02 -1.05977E+03  5.89592E+01  6.69205E+02  3.42442E+02  4.48897E+02  6.87401E+02  1.06032E+03 -7.32451E+01 -4.04161E+02 -4.65278E+02  1.27020E+02 -1.73171E+03 -1.92717E+03 -3.06065E+03  1.60008E+02  1.16454E+03  1.24184E+03 -8.35249E+02  1.30820E+03
 OMEGA(3,2)   -1.23361E+02 -2.64065E+02 -7.39638E+01  1.16085E+01  1.44931E+02  1.08827E+02 -1.14594E+02  2.43931E+02  9.97755E+03  0.00000E+00  1.34601E+03  2.45247E+02  1.30358E+03  1.83746E+03  2.21462E+03  5.56295E+03  1.16670E+03 -1.92094E+02 -4.14418E+02 -3.09787E+02 -3.51463E+00 -6.38675E+02 -1.72114E+03 -2.40516E+03  1.88925E+02  4.62404E+02 -7.15433E+02 -1.94636E+03 -1.93343E+03  1.89182E+02  1.04533E+03  5.21297E+02  4.98814E+02  1.40052E+03  2.45621E+03 -2.11755E+02 -7.24061E+02 -8.35514E+02  2.28810E+02 -1.34882E+03 -3.70790E+03 -4.61141E+03  4.37157E+02  1.78228E+03  1.82736E+03 -1.47783E+03  1.75125E+03
 OMEGA(3,3)   -4.54868E+01 -5.73287E+01  1.01520E+02  3.90447E+01  3.27409E+01 -8.08578E+00 -1.17043E+01  1.91644E+01  6.33275E+03  0.00000E+00  1.45217E+03  3.70037E+01  1.07136E+02  2.07037E+02  3.40833E+01  1.16670E+03  2.80981E+03 -6.77429E+01 -2.02763E+01  3.89235E+02  9.27479E+01 -5.98564E+01 -2.05268E+02 -5.54489E+02  3.15097E+01  5.63375E+01 -4.71240E+01 -3.34522E+02 -1.15316E+03 -8.97606E+01  1.78447E+02  1.59502E+02  2.81298E+01  1.47959E+02  5.13622E+02  5.85383E+01 -8.05718E+01 -1.83131E+02  3.29449E+01  6.21562E+00 -4.94547E+02 -2.57580E+03 -2.18282E+02  2.38003E+02  6.07186E+02 -2.53782E+02  5.21881E+02
 OMEGA(4,1)    2.72452E+01  6.82900E+01  2.72506E+01 -2.81743E+00 -1.81877E+01 -1.00483E+01  2.66818E+01 -5.80016E+01 -1.32471E+03  0.00000E+00  2.59397E+02 -1.17630E+02 -1.29816E+02 -1.43280E+02  8.54783E+01 -1.92094E+02 -6.77429E+01  1.88210E+03  1.12408E+03  4.39630E+01 -1.28131E+02  2.06476E+02  1.88944E+02 -3.25036E+01 -6.95583E+02 -5.54110E+01 -2.57668E+02 -1.98498E+01 -1.51774E+01 -3.44835E+02  6.14663E+01  4.13437E+01  8.12430E+02  4.55065E+02 -2.61798E+00  4.57187E+02 -2.54744E+02 -2.05578E+02  2.37182E+02 -5.65303E+02 -1.23271E+02  5.31236E+01 -1.44877E+03  4.93798E+01  2.52604E+02 -8.02248E+02  4.30400E+02
 OMEGA(4,2)    6.80919E+01  1.34930E+02 -1.40760E+01 -1.17568E+01 -4.80675E+01 -1.86812E+01  5.58100E+01 -1.07650E+02 -2.23667E+03  0.00000E+00  7.68491E+02 -2.08718E+01 -1.96429E+02 -3.63025E+02 -1.89393E+02 -4.14418E+02 -2.02763E+01  1.12408E+03  2.64968E+03  5.03471E+02 -1.25439E+02  2.06795E+02  4.68252E+02  1.31064E+02 -9.99918E+02 -1.14351E+02  7.19081E+00  6.96697E+00  7.55279E+01 -6.20792E+02 -5.56778E+01 -1.52270E+01  4.97685E+02  1.04300E+03  8.06828E+01  1.15223E+03 -3.06450E+02 -3.43766E+02  5.51737E+02 -1.97722E+02 -3.14018E+02  1.91712E+02 -1.99884E+03 -7.67240E+01  1.25091E+02 -1.21642E+03  4.17839E+02
 OMEGA(4,3)    3.58422E+01 -6.59337E+00 -1.96314E+02 -5.08967E+01 -5.42483E+00  4.79904E+01 -1.56188E+01  4.92997E+01  2.42822E+03  0.00000E+00  5.59630E+02  9.28593E+00 -1.34601E+02 -2.05330E+02 -3.87867E+02 -3.09787E+02  3.89235E+02  4.39630E+01  5.03471E+02  2.68402E+03  1.23781E+01  4.00405E+01  2.45547E+02  4.02683E+02 -1.58699E+02 -6.09715E+01  8.97160E+01  1.55193E+02 -4.30170E+02 -4.07344E+02 -1.64840E+02 -1.76171E+01  1.03619E+01  8.55457E+01  9.99497E+02  1.11474E+02  3.40568E+01 -5.59012E+01  1.79615E+01  1.61567E+02  1.78439E+02 -9.92537E+02 -1.05189E+03 -2.21778E+02  1.37950E+02 -3.54338E+02  2.54940E+02
 OMEGA(4,4)    4.67011E+00 -1.36155E+01 -6.84755E+01 -3.10952E+01 -7.57802E-01  1.45873E+01 -1.54945E+01  3.44326E+01  1.44577E+03  0.00000E+00  7.54899E+01  9.29124E+00  1.29826E+01  3.68694E+00 -3.15312E+01 -3.51463E+00  9.27479E+01 -1.28131E+02 -1.25439E+02  1.23781E+01  6.72710E+02 -2.74248E+01 -2.46140E+01  3.16020E+01  1.34222E+02  1.70667E+01  1.87080E+01  1.46890E+01 -2.22425E+01 -2.14279E+02 -1.80812E+01  1.68699E+01 -4.85076E+01 -5.27023E+01 -2.01490E+01  5.41302E+02  5.76873E+01 -6.62902E+01  1.03450E+02  3.40863E+01  2.53496E+01 -2.75269E+01 -4.16840E+02 -3.10958E+01  7.37799E+01 -1.64076E+02  7.81166E+01
 OMEGA(5,1)    9.01960E+01  1.92183E+02  8.42084E+01  1.03867E-01 -1.40107E+02 -1.20839E+02  9.17282E+01 -1.96785E+02 -2.05420E+03  0.00000E+00 -2.70282E+03 -8.28278E+02 -1.92421E+03 -1.15332E+03 -5.12700E+02 -6.38675E+02 -5.98564E+01  2.06476E+02  2.06795E+02  4.00405E+01 -2.74248E+01  3.55743E+03  3.01646E+03  6.09383E+02 -3.26073E+02 -1.36972E+03  1.51263E+03  1.50727E+03  4.45424E+02 -1.66430E+02 -1.55742E+03 -5.00960E+02 -1.39167E+03 -1.43722E+03 -3.66585E+02  1.05702E+02  1.59094E+03  8.46703E+02 -4.11262E+02  2.03700E+03  2.37643E+03  6.90214E+02 -2.50261E+02 -3.55007E+03 -1.75673E+03  1.57556E+03 -1.26883E+03
 OMEGA(5,2)    1.08367E+02  2.34310E+02  1.09931E+02 -5.29266E+00 -1.53584E+02 -1.37447E+02  9.69816E+01 -2.40107E+02 -6.90894E+03  0.00000E+00 -4.67149E+03 -6.50567E+02 -2.66519E+03 -2.64639E+03 -9.24072E+02 -1.72114E+03 -2.05268E+02  1.88944E+02  4.68252E+02  2.45547E+02 -2.46140E+01  3.01646E+03  6.63391E+03  1.93103E+03 -4.08582E+02 -2.22832E+03  1.56505E+03  3.21382E+03  1.06505E+03 -2.79670E+02 -2.77342E+03 -8.51424E+02 -1.58596E+03 -3.25447E+03 -9.90244E+02  2.15566E+02  3.39480E+03  1.75038E+03 -9.34797E+02  2.39369E+03  4.73908E+03  1.58888E+03 -4.38838E+02 -5.70472E+03 -2.95326E+03  2.87053E+03 -2.16183E+03
 OMEGA(5,3)    9.61138E+01  2.29072E+02  1.07400E+02 -1.91053E+00 -1.32622E+02 -1.16841E+02  1.01930E+02 -2.18418E+02 -4.27508E+03  0.00000E+00 -1.31650E+03 -8.72741E+01 -6.53197E+02 -7.89360E+02 -1.57491E+03 -2.40516E+03 -5.54489E+02 -3.25036E+01  1.31064E+02  4.02683E+02  3.16020E+01  6.09383E+02  1.93103E+03  5.13810E+03  1.17660E+01 -7.84082E+02  5.41988E+02  1.16600E+03  2.15575E+03 -6.06021E+01 -1.52863E+03 -4.94918E+02 -3.74853E+02 -9.15694E+02 -1.71030E+03  7.13324E+01  9.20160E+02  7.06739E+02 -2.15224E+02  7.77213E+02  1.55664E+03  2.39704E+03 -1.69001E+02 -2.72676E+03 -1.46288E+03  1.06310E+03 -8.45895E+02
 OMEGA(5,4)   -2.02796E+01 -4.65664E+01  3.02818E+00  2.51052E+00  5.02246E+00 -1.17207E+01 -1.67058E+01  2.98418E+01  9.37167E+02  0.00000E+00 -4.80879E+02  7.51537E+01  1.77448E+02  1.89601E+02  3.05225E+01  1.88925E+02  3.15097E+01 -6.95583E+02 -9.99918E+02 -1.58699E+02  1.34222E+02 -3.26073E+02 -4.08582E+02  1.17660E+01  2.40043E+03  2.10454E+02 -3.17542E+01 -8.49532E+01 -9.53524E+00  8.22704E+02 -2.64045E+02 -9.68262E+01 -2.40643E+02 -3.28464E+02 -4.37126E+00 -7.26309E+02  9.17520E+02  4.32372E+02 -3.41725E+02  4.59667E+01 -1.45252E+01 -9.70043E+01  9.08932E+02 -5.65524E+02 -2.62691E+02  6.06299E+02 -1.52977E+02
 OMEGA(5,5)   -6.90837E+01 -1.41569E+02 -5.99525E+01 -1.54267E+00  1.05636E+02  9.90763E+01 -6.87992E+01  1.50351E+02  1.76049E+03  0.00000E+00  2.37159E+03  1.80234E+02  5.67087E+02  4.78427E+02  2.78239E+02  4.62404E+02  5.63375E+01 -5.54110E+01 -1.14351E+02 -6.09715E+01  1.70667E+01 -1.36972E+03 -2.22832E+03 -7.84082E+02  2.10454E+02  2.24900E+03 -5.83931E+02 -9.03082E+02 -3.88313E+02  8.31846E+01  1.90025E+03  4.46813E+02  5.13729E+02  8.64275E+02  3.56641E+02 -5.38588E+01 -1.73785E+03 -7.92111E+02  3.51127E+02 -5.49517E+02 -8.41190E+02 -4.32145E+02  1.01698E+02  2.18290E+03  9.36265E+02 -8.39224E+02  4.00613E+02
 OMEGA(6,1)    3.23250E+01  8.21288E+01  4.82104E+01  5.10890E+00 -6.08542E+01 -5.30121E+01  4.36955E+01 -8.02480E+01 -2.28264E+03  0.00000E+00 -1.72967E+03 -5.35368E+02 -1.62768E+03 -1.10974E+03 -8.62792E+02 -7.15433E+02 -4.71240E+01 -2.57668E+02  7.19081E+00  8.97160E+01  1.87080E+01  1.51263E+03  1.56505E+03  5.41988E+02 -3.17542E+01 -5.83931E+02  2.58868E+03  2.15734E+03  5.15506E+02 -1.48099E+02 -1.49700E+03 -7.06437E+02 -1.21200E+03 -1.24814E+03 -3.65826E+02  1.62569E+01  8.32971E+02  1.06396E+03 -3.34107E+02  2.31106E+03  2.68322E+03  9.48586E+02  1.60670E+01 -2.07020E+03 -2.77849E+03  1.58406E+03 -1.73244E+03
 OMEGA(6,2)    1.62947E+01  3.83768E+01  1.99335E+01 -1.92409E+00 -1.49764E+01 -1.88618E+01  1.48269E+01 -3.62309E+01 -6.30423E+03  0.00000E+00 -4.34436E+03 -5.68918E+02 -2.39603E+03 -2.46074E+03 -9.68260E+02 -1.94636E+03 -3.34522E+02 -1.98498E+01  6.96697E+00  1.55193E+02  1.46890E+01  1.50727E+03  3.21382E+03  1.16600E+03 -8.49532E+01 -9.03082E+02  2.15734E+03  4.71531E+03  1.43472E+03 -2.08443E+02 -2.34519E+03 -1.20420E+03 -1.32065E+03 -2.74294E+03 -9.07506E+02  1.14701E+01  1.60512E+03  2.25621E+03 -7.48576E+02  2.62338E+03  5.48991E+03  1.98764E+03 -1.48523E+02 -3.34571E+03 -4.38571E+03  2.86676E+03 -2.86172E+03
 OMEGA(6,3)    5.42471E+01  1.14424E+02  1.92521E+01 -5.56993E+00 -5.36064E+01 -3.95039E+01  5.21669E+01 -1.00128E+02 -4.28277E+03  0.00000E+00 -3.33623E+03 -1.05985E+02 -6.45170E+02 -7.37257E+02 -1.05977E+03 -1.93343E+03 -1.15316E+03 -1.51774E+01  7.55279E+01 -4.30170E+02 -2.22425E+01  4.45424E+02  1.06505E+03  2.15575E+03 -9.53524E+00 -3.88313E+02  5.15506E+02  1.43472E+03  3.94808E+03  1.04133E+02 -9.93579E+02 -7.72275E+02 -3.57090E+02 -7.29816E+02 -1.41893E+03  5.57162E+01  5.20101E+02  6.91684E+02 -1.52270E+02  6.97138E+02  1.63530E+03  3.18165E+03  1.25160E+02 -1.46072E+03 -2.30509E+03  9.75388E+02 -1.17816E+03
 OMEGA(6,4)   -1.43562E+01 -8.57108E+00  7.48720E+01  1.86574E+01 -9.35678E+00 -4.04577E+01  3.91328E+00 -2.17737E+01  1.74055E+02  0.00000E+00 -9.66139E+02  5.62415E+01  1.75230E+02  2.16595E+02  5.89592E+01  1.89182E+02 -8.97606E+01 -3.44835E+02 -6.20792E+02 -4.07344E+02 -2.14279E+02 -1.66430E+02 -2.79670E+02 -6.06021E+01  8.22704E+02  8.31846E+01 -1.48099E+02 -2.08443E+02  1.04133E+02  1.65232E+03  8.58849E+01 -1.92430E+02 -9.73747E+01 -1.20888E+02 -3.68107E+01 -6.91102E+02  2.43399E+02  6.45058E+02 -2.32438E+02 -1.02914E+02 -2.28616E+02  3.29695E+01  1.14271E+03 -1.02303E+01 -5.12607E+02  5.10615E+02 -1.55519E+02
 OMEGA(6,5)   -5.95067E+01 -1.33001E+02 -6.49532E+01 -4.98882E+00  8.07137E+01  9.01298E+01 -6.49419E+01  1.38020E+02  2.90623E+03  0.00000E+00  4.79172E+03  3.09769E+02  1.16419E+03  1.07670E+03  6.69205E+02  1.04533E+03  1.78447E+02  6.14663E+01 -5.56778E+01 -1.64840E+02 -1.80812E+01 -1.55742E+03 -2.77342E+03 -1.52863E+03 -2.64045E+02  1.90025E+03 -1.49700E+03 -2.34519E+03 -9.93579E+02  8.58849E+01  4.08633E+03  1.32542E+03  8.63423E+02  1.49475E+03  6.75794E+02  3.28080E+01 -2.18929E+03 -1.82489E+03  5.66895E+02 -1.38365E+03 -2.34392E+03 -1.09655E+03  9.24858E+01  3.61178E+03  2.71762E+03 -1.73707E+03  1.31390E+03
 OMEGA(6,6)   -4.87266E+00 -1.74420E+01 -1.47209E+01 -4.03797E+00 -8.03441E+00  7.16027E+00 -8.25133E+00  1.77384E+01  9.70210E+02  0.00000E+00  3.06915E+03  1.43854E+02  5.89086E+02  5.58102E+02  3.42442E+02  5.21297E+02  1.59502E+02  4.13437E+01 -1.52270E+01 -1.76171E+01  1.68699E+01 -5.00960E+02 -8.51424E+02 -4.94918E+02 -9.68262E+01  4.46813E+02 -7.06437E+02 -1.20420E+03 -7.72275E+02 -1.92430E+02  1.32542E+03  1.09277E+03  3.58765E+02  6.08120E+02  2.79083E+02  4.71095E+01 -5.77531E+02 -9.13651E+02  2.02541E+02 -7.18772E+02 -1.30012E+03 -6.93991E+02 -5.73248E+01  1.21230E+03  1.79703E+03 -8.13741E+02  8.31313E+02
 OMEGA(7,1)   -1.06649E+02 -2.57734E+02 -1.00169E+02  3.01325E+00  1.18349E+02  1.00882E+02 -1.13500E+02  2.30608E+02  2.06251E+03  0.00000E+00  1.59874E+03  6.75458E+02  2.23952E+03  1.38168E+03  4.48897E+02  4.98814E+02  2.81298E+01  8.12430E+02  4.97685E+02  1.03619E+01 -4.85076E+01 -1.39167E+03 -1.58596E+03 -3.74853E+02 -2.40643E+02  5.13729E+02 -1.21200E+03 -1.32065E+03 -3.57090E+02 -9.73747E+01  8.63423E+02  3.58765E+02  3.20779E+03  2.56529E+03  3.04338E+02  1.03845E+02 -1.47422E+03 -1.01539E+03  8.88485E+02 -2.84753E+03 -3.33432E+03 -6.72243E+02 -5.93071E+02  1.98343E+03  1.62450E+03 -3.24493E+03  2.05701E+03
 OMEGA(7,2)   -1.83030E+02 -4.11812E+02 -1.24358E+02  2.02952E+01  1.85844E+02  1.50910E+02 -1.75073E+02  3.65941E+02  6.37951E+03  0.00000E+00  2.66179E+03  6.08239E+02  2.77392E+03  3.15350E+03  6.87401E+02  1.40052E+03  1.47959E+02  4.55065E+02  1.04300E+03  8.55457E+01 -5.27023E+01 -1.43722E+03 -3.25447E+03 -9.15694E+02 -3.28464E+02  8.64275E+02 -1.24814E+03 -2.74294E+03 -7.29816E+02 -1.20888E+02  1.49475E+03  6.08120E+02  2.56529E+03  5.98195E+03  1.24256E+03  3.73664E+02 -2.58236E+03 -2.01312E+03  2.11720E+03 -2.94060E+03 -6.64774E+03 -1.51487E+03 -6.79967E+02  3.32355E+03  2.71439E+03 -5.43611E+03  3.30297E+03
 OMEGA(7,3)   -1.17736E+02 -2.37786E+02 -4.00706E+01  2.75811E+01  1.30578E+02  9.15433E+01 -1.03385E+02  2.06273E+02  4.91058E+03  0.00000E+00  5.89643E+02  1.03797E+02  5.86954E+02  7.96530E+02  1.06032E+03  2.45621E+03  5.13622E+02 -2.61798E+00  8.06828E+01  9.99497E+02 -2.01490E+01 -3.66585E+02 -9.90244E+02 -1.71030E+03 -4.37126E+00  3.56641E+02 -3.65826E+02 -9.07506E+02 -1.41893E+03 -3.68107E+01  6.75794E+02  2.79083E+02  3.04338E+02  1.24256E+03  4.33102E+03  1.88934E+01 -6.47676E+02 -9.04433E+02  2.92923E+02 -6.79353E+02 -1.78458E+03 -3.06369E+03 -2.35254E+02  1.21049E+03  1.10657E+03 -1.96374E+03  1.14310E+03
 OMEGA(7,4)    3.65394E+01  7.16893E+01 -1.22900E+01 -1.00763E+01 -3.01849E+01 -1.66925E+01  3.09117E+01 -5.54146E+01  3.51915E+02  0.00000E+00  4.04634E+02 -9.03936E+00 -6.75741E+01 -1.55067E+02 -7.32451E+01 -2.11755E+02  5.85383E+01  4.57187E+02  1.15223E+03  1.11474E+02  5.41302E+02  1.05702E+02  2.15566E+02  7.13324E+01 -7.26309E+02 -5.38588E+01  1.62569E+01  1.14701E+01  5.57162E+01 -6.91102E+02  3.28080E+01  4.71095E+01  1.03845E+02  3.73664E+02  1.88934E+01  2.46773E+03 -1.55016E+02 -5.64545E+02  9.63155E+02 -7.06671E+01 -1.22515E+02  1.63898E+02 -1.68732E+03  5.33831E+01  2.74421E+02 -1.40136E+03  3.97252E+02
 OMEGA(7,5)    1.22493E+02  2.88599E+02  1.12085E+02 -1.05545E+01 -1.35890E+02 -1.15268E+02  1.21661E+02 -2.60256E+02 -3.54097E+03  0.00000E+00 -2.50616E+03 -2.92316E+02 -1.17832E+03 -1.15822E+03 -4.04161E+02 -7.24061E+02 -8.05718E+01 -2.54744E+02 -3.06450E+02  3.40568E+01  5.76873E+01  1.59094E+03  3.39480E+03  9.20160E+02  9.17520E+02 -1.73785E+03  8.32971E+02  1.60512E+03  5.20101E+02  2.43399E+02 -2.18929E+03 -5.77531E+02 -1.47422E+03 -2.58236E+03 -6.47676E+02 -1.55016E+02  4.62550E+03  1.98380E+03 -1.36225E+03  1.29324E+03  2.40157E+03  7.64914E+02  2.34912E+02 -3.95088E+03 -1.77943E+03  2.69086E+03 -1.23453E+03
 OMEGA(7,6)    6.91338E+01  1.73300E+02  6.29797E+01 -1.50810E+01 -5.20744E+01 -3.69163E+01  6.36970E+01 -1.39950E+02 -3.45706E+03  0.00000E+00 -2.59533E+03 -2.58419E+02 -1.06979E+03 -1.06956E+03 -4.65278E+02 -8.35514E+02 -1.83131E+02 -2.05578E+02 -3.43766E+02 -5.59012E+01 -6.62902E+01  8.46703E+02  1.75038E+03  7.06739E+02  4.32372E+02 -7.92111E+02  1.06396E+03  2.25621E+03  6.91684E+02  6.45058E+02 -1.82489E+03 -9.13651E+02 -1.01539E+03 -2.01312E+03 -9.04433E+02 -5.64545E+02  1.98380E+03  3.12036E+03 -1.12225E+03  1.31224E+03  2.62301E+03  9.98587E+02  5.27279E+02 -2.24758E+03 -2.84180E+03  2.85811E+03 -1.64339E+03
 OMEGA(7,7)   -8.03196E+01 -1.86370E+02 -5.47070E+01  1.28146E+01  7.38781E+01  5.40312E+01 -7.41711E+01  1.58491E+02  1.81590E+03  0.00000E+00  7.01986E+02  1.36902E+02  6.30085E+02  7.20339E+02  1.27020E+02  2.28810E+02  3.29449E+01  2.37182E+02  5.51737E+02  1.79615E+01  1.03450E+02 -4.11262E+02 -9.34797E+02 -2.15224E+02 -3.41725E+02  3.51127E+02 -3.34107E+02 -7.48576E+02 -1.52270E+02 -2.32438E+02  5.66895E+02  2.02541E+02  8.88485E+02  2.11720E+03  2.92923E+02  9.63155E+02 -1.36225E+03 -1.12225E+03  1.85338E+03 -7.73472E+02 -1.77731E+03 -2.78670E+02 -6.51662E+02  1.15577E+03  9.00615E+02 -2.70810E+03  1.07740E+03
 OMEGA(8,1)    7.10572E+01  2.00092E+02  1.11617E+02  4.61143E+00 -9.02684E+01 -8.22844E+01  8.84313E+01 -1.77429E+02 -3.42930E+03  0.00000E+00 -3.85981E+03 -1.88330E+03 -4.42176E+03 -2.71493E+03 -1.73171E+03 -1.34882E+03  6.21562E+00 -5.65303E+02 -1.97722E+02  1.61567E+02  3.40863E+01  2.03700E+03  2.39369E+03  7.77213E+02  4.59667E+01 -5.49517E+02  2.31106E+03  2.62338E+03  6.97138E+02 -1.02914E+02 -1.38365E+03 -7.18772E+02 -2.84753E+03 -2.94060E+03 -6.79353E+02 -7.06671E+01  1.29324E+03  1.31224E+03 -7.73472E+02  7.06743E+03  7.13999E+03  1.79679E+03  1.35008E+02 -3.46189E+03 -3.36417E+03  3.88809E+03 -4.90932E+03
 OMEGA(8,2)    5.03010E+01  1.36287E+02  7.69894E+01  1.71873E+00 -5.32607E+01 -5.24198E+01  5.66610E+01 -1.23222E+02 -1.27284E+04  0.00000E+00 -6.53480E+03 -1.54613E+03 -6.29403E+03 -6.09449E+03 -1.92717E+03 -3.70790E+03 -4.94547E+02 -1.23271E+02 -3.14018E+02  1.78439E+02  2.53496E+01  2.37643E+03  4.73908E+03  1.55664E+03 -1.45252E+01 -8.41190E+02  2.68322E+03  5.48991E+03  1.63530E+03 -2.28616E+02 -2.34392E+03 -1.30012E+03 -3.33432E+03 -6.64774E+03 -1.78458E+03 -1.22515E+02  2.40157E+03  2.62301E+03 -1.77731E+03  7.13999E+03  1.47098E+04  4.16672E+03 -6.43609E+01 -5.75291E+03 -5.98339E+03  7.50279E+03 -7.89213E+03
 OMEGA(8,3)    1.45890E+02  2.91390E+02  6.07338E+01 -4.16745E+00 -1.58021E+02 -1.15561E+02  1.44560E+02 -2.74353E+02 -1.02450E+04  0.00000E+00 -1.57741E+03 -2.31175E+02 -1.49487E+03 -1.68906E+03 -3.06065E+03 -4.61141E+03 -2.57580E+03  5.31236E+01  1.91712E+02 -9.92537E+02 -2.75269E+01  6.90214E+02  1.58888E+03  2.39704E+03 -9.70043E+01 -4.32145E+02  9.48586E+02  1.98764E+03  3.18165E+03  3.29695E+01 -1.09655E+03 -6.93991E+02 -6.72243E+02 -1.51487E+03 -3.06369E+03  1.63898E+02  7.64914E+02  9.98587E+02 -2.78670E+02  1.79679E+03  4.16672E+03  9.08893E+03  2.57491E+02 -2.07235E+03 -3.02957E+03  2.10774E+03 -3.41968E+03
 OMEGA(8,4)   -6.22514E+01 -1.01114E+02  8.94766E+01  4.49765E+01  2.74157E+01 -2.16829E+01 -2.68437E+01  4.75393E+01  1.00548E+03  0.00000E+00 -1.07715E+03  8.33971E+01  2.32910E+02  3.67863E+02  1.60008E+02  4.37157E+02 -2.18282E+02 -1.44877E+03 -1.99884E+03 -1.05189E+03 -4.16840E+02 -2.50261E+02 -4.38838E+02 -1.69001E+02  9.08932E+02  1.01698E+02  1.60670E+01 -1.48523E+02  1.25160E+02  1.14271E+03  9.24858E+01 -5.73248E+01 -5.93071E+02 -6.79967E+02 -2.35254E+02 -1.68732E+03  2.34912E+02  5.27279E+02 -6.51662E+02  1.35008E+02 -6.43609E+01  2.57491E+02  4.05101E+03  2.27908E+02 -6.37100E+02  2.03810E+03 -1.09021E+03
 OMEGA(8,5)   -1.09493E+02 -2.69775E+02 -1.36137E+02 -4.04745E+00  1.42146E+02  1.34906E+02 -1.20465E+02  2.55441E+02  5.72238E+03  0.00000E+00  5.73735E+03  8.15005E+02  2.77144E+03  2.46694E+03  1.16454E+03  1.78228E+03  2.38003E+02  4.93798E+01 -7.67240E+01 -2.21778E+02 -3.10958E+01 -3.55007E+03 -5.70472E+03 -2.72676E+03 -5.65524E+02  2.18290E+03 -2.07020E+03 -3.34571E+03 -1.46072E+03 -1.02303E+01  3.61178E+03  1.21230E+03  1.98343E+03  3.32355E+03  1.21049E+03  5.33831E+01 -3.95088E+03 -2.24758E+03  1.15577E+03 -3.46189E+03 -5.75291E+03 -2.07235E+03  2.27908E+02  8.62777E+03  4.46587E+03 -4.14414E+03  3.33028E+03
 OMEGA(8,6)   -1.19564E+01 -6.55854E+01 -5.85835E+01 -1.52920E+01 -2.64262E+00  1.56703E+01 -3.78789E+01  5.15174E+01  5.42969E+03  0.00000E+00  5.65336E+03  6.47272E+02  2.52852E+03  2.35078E+03  1.24184E+03  1.82736E+03  6.07186E+02  2.52604E+02  1.25091E+02  1.37950E+02  7.37799E+01 -1.75673E+03 -2.95326E+03 -1.46288E+03 -2.62691E+02  9.36265E+02 -2.77849E+03 -4.38571E+03 -2.30509E+03 -5.12607E+02  2.71762E+03  1.79703E+03  1.62450E+03  2.71439E+03  1.10657E+03  2.74421E+02 -1.77943E+03 -2.84180E+03  9.00615E+02 -3.36417E+03 -5.98339E+03 -3.02957E+03 -6.37100E+02  4.46587E+03  7.04835E+03 -4.00308E+03  4.30457E+03
 OMEGA(8,7)    1.82347E+02  4.48015E+02  1.53421E+02 -1.61208E+01 -1.73406E+02 -1.42629E+02  1.90594E+02 -3.76584E+02 -6.18441E+03  0.00000E+00 -3.36593E+03 -7.05942E+02 -2.88393E+03 -2.74316E+03 -8.35249E+02 -1.47783E+03 -2.53782E+02 -8.02248E+02 -1.21642E+03 -3.54338E+02 -1.64076E+02  1.57556E+03  2.87053E+03  1.06310E+03  6.06299E+02 -8.39224E+02  1.58406E+03  2.86676E+03  9.75388E+02  5.10615E+02 -1.73707E+03 -8.13741E+02 -3.24493E+03 -5.43611E+03 -1.96374E+03 -1.40136E+03  2.69086E+03  2.85811E+03 -2.70810E+03  3.88809E+03  7.50279E+03  2.10774E+03  2.03810E+03 -4.14414E+03 -4.00308E+03  8.73932E+03 -5.21909E+03
 OMEGA(8,8)   -3.14241E+01 -1.21861E+02 -7.82221E+01 -1.25885E+01  2.07345E+01  2.94209E+01 -5.88139E+01  9.44198E+01  5.63041E+03  0.00000E+00  4.00695E+03  9.27583E+02  3.16236E+03  2.75538E+03  1.30820E+03  1.75125E+03  5.21881E+02  4.30400E+02  4.17839E+02  2.54940E+02  7.81166E+01 -1.26883E+03 -2.16183E+03 -8.45895E+02 -1.52977E+02  4.00613E+02 -1.73244E+03 -2.86172E+03 -1.17816E+03 -1.55519E+02  1.31390E+03  8.31313E+02  2.05701E+03  3.30297E+03  1.14310E+03  3.97252E+02 -1.23453E+03 -1.64339E+03  1.07740E+03 -4.90932E+03 -7.89213E+03 -3.41968E+03 -1.09021E+03  3.33028E+03  4.30457E+03 -5.21909E+03  6.38883E+03
