TABLE NO.     1: Importance Sampling (No Prior): Problem=1 Subproblem=0 Superproblem1=0 Iteration1=0 Superproblem2=0 Iteration2=0
 NAME         THETA1       THETA2       THETA3       THETA4       THETA5       THETA6       THETA7       THETA8       SIGMA(1,1)   SIGMA(2,1)   SIGMA(2,2)   OMEGA(1,1)   OMEGA(2,1)   OMEGA(2,2)   OMEGA(3,1)   OMEGA(3,2)   OMEGA(3,3)   OMEGA(4,1)   OMEGA(4,2)   OMEGA(4,3)   OMEGA(4,4)   OMEGA(5,1)   OMEGA(5,2)   OMEGA(5,3)   OMEGA(5,4)   OMEGA(5,5)   OMEGA(6,1)   OMEGA(6,2)   OMEGA(6,3)   OMEGA(6,4)   OMEGA(6,5)   OMEGA(6,6)   OMEGA(7,1)   OMEGA(7,2)   OMEGA(7,3)   OMEGA(7,4)   OMEGA(7,5)   OMEGA(7,6)   OMEGA(7,7)   OMEGA(8,1)   OMEGA(8,2)   OMEGA(8,3)   OMEGA(8,4)   OMEGA(8,5)   OMEGA(8,6)   OMEGA(8,7)   OMEGA(8,8)
 THETA1        7.12793E-02 -1.93620E-01  2.11601E-01  1.11632E-01  1.51399E-01 -7.75870E-02  1.25729E-01  4.09124E-01  4.14785E-03  0.00000E+00  1.25732E-02  4.58412E-03  1.93785E-02 -1.53320E-02 -2.27034E-02 -2.05314E-02 -3.17908E-03 -4.11940E-03 -1.63661E-02 -3.71395E-02 -1.71538E-02 -7.99696E-03  4.09642E-03  4.29770E-03 -4.45139E-03  3.59523E-03 -1.13105E-02  4.97701E-03 -3.07290E-03  2.11714E-03  3.15921E-03  4.39395E-03 -9.36645E-03  9.83047E-03  9.83165E-03  8.14300E-03  4.50608E-03 -9.41225E-04 -2.16478E-03 -1.38276E-02  3.94659E-03 -2.43490E-02 -1.60240E-02 -5.75548E-03 -4.41256E-03 -5.02223E-04 -1.77199E-02
 THETA2       -1.93620E-01  7.21387E-02 -5.46509E-02  2.31517E-01  8.79913E-02 -5.43733E-02 -2.85890E-01  3.02078E-01 -2.23464E-02  0.00000E+00 -3.31914E-03 -5.62767E-03  5.02249E-02 -1.57310E-01  9.92999E-03  1.20206E-01  3.56341E-02 -7.29149E-03 -1.37778E-01  3.41530E-02 -3.29651E-03  5.67387E-03 -1.72556E-02  2.04006E-03 -4.26498E-04 -6.40343E-03 -2.61471E-03  1.24029E-02 -1.29180E-02 -1.25553E-02 -6.39765E-03 -9.25081E-03 -2.30562E-03  1.98882E-01 -2.84541E-02  7.50073E-03 -7.41396E-03 -5.21293E-02 -4.29746E-02  5.09661E-04  1.09231E-02  1.31709E-03  2.84238E-02 -4.38826E-03 -4.20377E-02 -5.47341E-02 -1.53613E-02
 THETA3        2.11601E-01 -5.46509E-02  5.13634E-02  7.40357E-02 -1.82759E-03  8.39848E-02  1.35592E-01  3.14337E-01 -1.69952E-03  0.00000E+00 -2.74251E-02 -6.54594E-03 -7.51969E-03  2.80652E-02  3.06391E-02  1.09621E-01 -1.17978E-01 -2.25976E-02  6.51953E-02  1.70054E-01  1.17373E-01  2.20418E-03 -4.98563E-03 -7.43329E-02 -5.03680E-04 -1.11365E-02 -9.26463E-03 -7.84150E-04  2.30285E-02 -1.24328E-02 -8.91017E-03 -1.68749E-02  2.60540E-04 -3.18786E-02 -9.35265E-02 -4.93515E-02 -1.91569E-02  4.26486E-03  1.17766E-02 -8.50563E-03  5.88047E-03  1.15578E-03  1.30004E-02 -1.81212E-02  2.67729E-02  7.17894E-03  1.78171E-02
 THETA4        1.11632E-01  2.31517E-01  7.40357E-02  7.15162E-02 -1.47407E-01  8.32773E-02 -3.42059E-01  2.06249E-01 -3.69156E-03  0.00000E+00 -5.10549E-03 -6.18359E-04 -1.29072E-02  2.81442E-02  6.90364E-03  1.30807E-02 -4.91224E-02 -5.74347E-03  3.94839E-02  4.39666E-02  5.05696E-02 -3.00160E-05 -5.87323E-03 -2.05386E-02 -8.35588E-03 -1.46117E-03 -5.06485E-03 -2.59872E-03  1.16471E-02 -4.95983E-03  8.83501E-04 -2.14292E-03  3.41982E-03 -3.22847E-02 -3.07124E-02 -2.86350E-02  2.37383E-03  1.56452E-02  1.30549E-02 -6.43069E-03 -1.36051E-03 -9.78639E-03 -1.71525E-02 -2.77288E-03  1.28375E-02  1.50660E-02  1.87193E-03
 THETA5        1.51399E-01  8.79913E-02 -1.82759E-03 -1.47407E-01  5.85486E-02 -3.21736E-01  1.91765E-01  8.98972E-02  1.51718E-02  0.00000E+00 -8.54164E-03  3.77089E-03 -5.06728E-03  6.73154E-03 -7.60483E-03 -1.19382E-02 -1.76137E-02 -3.62055E-03  1.11521E-02  1.83497E-02  1.53185E-02  2.24006E-02  2.04730E-02 -2.20371E-02  1.70402E-03 -3.12991E-02  2.02450E-02  3.73592E-04  1.28993E-02  2.34650E-02 -1.49248E-02  3.70974E-02  9.07358E-03 -1.83469E-02 -1.87684E-02  3.11526E-03 -7.58810E-03 -2.20709E-03  4.39193E-04 -5.39073E-03  7.54703E-03  2.53923E-03  1.22486E-02 -1.61882E-03  2.17893E-02  4.61574E-03  2.09178E-02
 THETA6       -7.75870E-02 -5.43733E-02  8.39848E-02  8.32773E-02 -3.21736E-01  6.96439E-02  6.02241E-02 -2.17878E-01  2.39932E-02  0.00000E+00 -5.25199E-03 -1.48603E-06  1.40370E-02 -1.04736E-02 -3.84538E-03 -4.08850E-02  1.03702E-03  2.66404E-03  2.91753E-03 -1.39831E-02  7.87413E-03  2.09067E-02  2.61419E-03  9.67383E-03  1.90588E-02 -1.86754E-02  5.36010E-03  5.47868E-02 -3.59675E-02  4.65180E-02 -9.54784E-03 -1.27086E-02  3.90491E-03 -2.20183E-02  3.96928E-03  1.62914E-02 -6.02160E-03 -3.82707E-02  5.17561E-03 -1.35720E-03  4.38654E-03  1.41573E-02  1.42397E-02  2.32236E-02  1.11726E-03  1.24483E-02  2.03755E-02
 THETA7        1.25729E-01 -2.85890E-01  1.35592E-01 -3.42059E-01  1.91765E-01  6.02241E-02  6.65357E-02  2.49557E-01  9.62607E-03  0.00000E+00 -1.81405E-04  4.07109E-04  1.27528E-03 -2.15779E-03 -7.72754E-03 -1.31825E-02 -1.28836E-02  3.37197E-03  1.32716E-03 -1.93151E-03  3.72569E-03  3.77635E-03  2.30135E-02 -8.47548E-03  7.76571E-03 -2.85253E-03  1.50088E-03  5.92937E-03  2.45246E-03  1.83989E-02 -8.36279E-03  3.59487E-03  3.50858E-03  4.18145E-03 -1.28057E-02  4.46775E-03 -1.69034E-02 -5.13068E-03 -1.50269E-02  3.77902E-03  1.06854E-02 -4.12020E-03  1.21340E-02 -3.65528E-03  1.24756E-02 -1.28379E-02  7.20661E-03
 THETA8        4.09124E-01  3.02078E-01  3.14337E-01  2.06249E-01  8.98972E-02 -2.17878E-01  2.49557E-01  6.24398E-02  8.14005E-03  0.00000E+00  1.54567E-03 -4.16908E-03 -7.55182E-04  3.31687E-02 -7.20977E-03 -2.28855E-02 -1.37966E-02 -8.26997E-03  2.47398E-02  3.68697E-03  3.51220E-03 -2.36011E-03  1.70181E-02 -2.13955E-02  4.22686E-03 -6.87219E-03 -5.50687E-03 -4.14818E-03  1.06210E-02  1.37742E-02 -1.21373E-03  4.97880E-03  1.71359E-03 -2.98350E-02 -2.47784E-03  5.28346E-03 -1.33876E-02  4.89804E-03 -4.96779E-03 -6.82241E-03  1.73626E-02 -1.25538E-02 -4.66742E-03 -9.02540E-03  8.74470E-03 -4.17392E-03 -4.99988E-03
 SIGMA(1,1)    4.14785E-03 -2.23464E-02 -1.69952E-03 -3.69156E-03  1.51718E-02  2.39932E-02  9.62607E-03  8.14005E-03  6.56386E-04  0.00000E+00 -2.32078E-02 -1.96313E-03  2.10905E-02 -4.85040E-02 -2.79445E-02 -5.74202E-02 -7.34687E-02 -7.65391E-03 -2.40649E-03 -4.91229E-02 -3.94706E-02  1.84445E-03 -4.26774E-07 -4.21560E-03  5.29374E-03 -1.17193E-02  1.11611E-02  1.29334E-02  2.95555E-03  1.13575E-02  9.49191E-03 -2.92876E-04 -2.24973E-03  6.01003E-03  4.43395E-03  2.89598E-04  6.17952E-03 -4.95645E-03 -1.07780E-02 -6.05439E-03 -2.86318E-03 -2.53050E-02 -2.57250E-02  6.17391E-03  3.65969E-03 -4.89911E-03 -2.11940E-02
 SIGMA(2,1)    0.00000E+00  0.00000E+00  0.00000E+00  0.00000E+00  0.00000E+00  0.00000E+00  0.00000E+00  0.00000E+00  0.00000E+00  0.00000E+00  0.00000E+00  0.00000E+00  0.00000E+00  0.00000E+00  0.00000E+00  0.00000E+00  0.00000E+00  0.00000E+00  0.00000E+00  0.00000E+00  0.00000E+00  0.00000E+00  0.00000E+00  0.00000E+00  0.00000E+00  0.00000E+00  0.00000E+00  0.00000E+00  0.00000E+00  0.00000E+00  0.00000E+00  0.00000E+00  0.00000E+00  0.00000E+00  0.00000E+00  0.00000E+00  0.00000E+00  0.00000E+00  0.00000E+00  0.00000E+00  0.00000E+00  0.00000E+00  0.00000E+00  0.00000E+00  0.00000E+00  0.00000E+00  0.00000E+00
 SIGMA(2,2)    1.25732E-02 -3.31914E-03 -2.74251E-02 -5.10549E-03 -8.54164E-03 -5.25199E-03 -1.81405E-04  1.54567E-03 -2.32078E-02  0.00000E+00  1.20450E-03 -7.70827E-03 -7.60685E-03 -1.56614E-03  1.54602E-02 -1.45431E-02 -1.15216E-02 -4.75220E-04 -9.79215E-03  1.86993E-03 -4.08261E-04  4.60392E-03  3.08091E-03 -2.59035E-02 -2.09207E-03 -3.09648E-03 -1.94655E-02  3.64479E-03  2.97509E-02  1.79270E-02 -8.53245E-03 -4.07098E-02  5.12860E-03  1.00984E-02  1.20624E-02  7.82483E-03 -1.25854E-03 -1.45649E-02 -1.11394E-03  1.17288E-02 -1.89842E-03 -1.34138E-02  4.60140E-03 -8.74709E-03  4.10800E-03  9.84216E-04 -1.18986E-02
 OMEGA(1,1)    4.58412E-03 -5.62767E-03 -6.54594E-03 -6.18359E-04  3.77089E-03 -1.48603E-06  4.07109E-04 -4.16908E-03 -1.96313E-03  0.00000E+00 -7.70827E-03  5.07944E-02 -2.85097E-01  3.53566E-02  3.00800E-01 -7.44640E-02  2.84999E-02  1.64437E-01 -3.50534E-02  2.01848E-02  9.47784E-03  2.15097E-01 -5.44667E-02  4.73783E-02  2.82250E-02  1.18047E-02 -1.08747E-01  2.48351E-02 -3.53127E-02 -2.67743E-02 -3.83724E-03  6.01489E-03  1.61975E-01 -3.22846E-02  2.98171E-02  1.78370E-02  2.54738E-02 -2.27630E-03  1.21509E-02  5.25328E-01 -1.19102E-01  1.09906E-01  6.64677E-02  8.12426E-02 -4.60389E-02  5.18601E-02  1.53531E-01
 OMEGA(2,1)    1.93785E-02  5.02249E-02 -7.51969E-03 -1.29072E-02 -5.06728E-03  1.40370E-02  1.27528E-03 -7.55182E-04  2.10905E-02  0.00000E+00 -7.60685E-03 -2.85097E-01  3.44176E-02 -3.43316E-01 -1.22070E-01  2.29929E-01 -1.78401E-02  2.54271E-01 -1.81354E-02  5.57857E-02  4.33984E-02  8.81997E-02  1.02088E-01  1.25990E-02  4.40885E-02  1.96614E-02 -1.75175E-02 -3.95456E-02 -1.37930E-02 -1.41432E-03  2.52297E-03 -2.17184E-03 -3.15271E-01  2.13264E-01 -7.47912E-02  6.85173E-03 -1.27575E-02 -3.21866E-03 -5.61401E-02  2.33128E-01  2.94066E-01  5.35853E-02  1.49198E-01  1.05734E-01 -6.05280E-02 -7.82799E-02  1.83980E-01
 OMEGA(2,2)   -1.53320E-02 -1.57310E-01  2.80652E-02  2.81442E-02  6.73154E-03 -1.04736E-02 -2.15779E-03  3.31687E-02 -4.85040E-02  0.00000E+00 -1.56614E-03  3.53566E-02 -3.43316E-01  4.64289E-02  4.65481E-02 -1.82691E-01  2.08286E-02 -8.28842E-02  4.65764E-01  8.43945E-03  8.57749E-02 -4.23994E-02  1.71758E-01 -1.34188E-02  5.63225E-02  3.77036E-02  1.61815E-02 -7.06443E-02  1.44375E-02 -2.20475E-02 -8.97900E-03  2.55127E-03  8.88197E-02 -4.57539E-01  3.08085E-02 -1.26089E-01 -5.05535E-02  3.56876E-02  9.57941E-02 -8.41295E-02  4.60740E-01 -1.75750E-02  1.21158E-01  5.86639E-02 -2.06853E-03 -1.31119E-01  1.09688E-01
 OMEGA(3,1)   -2.27034E-02  9.92999E-03  3.06391E-02  6.90364E-03 -7.60483E-03 -3.84538E-03 -7.72754E-03 -7.20977E-03 -2.79445E-02  0.00000E+00  1.54602E-02  3.00800E-01 -1.22070E-01  4.65481E-02  2.58177E-02 -1.29783E-01  3.70745E-01  7.60125E-02  2.36404E-02  2.01409E-01  3.72529E-02  2.28959E-02 -1.45648E-03  1.14114E-01  1.42364E-02  3.48908E-03  6.31456E-02 -2.37733E-02 -9.84716E-03  1.53536E-02  1.57952E-02 -2.80404E-02  1.40839E-01 -3.35570E-02  1.00511E-01 -2.17624E-03 -9.41736E-04 -5.29636E-03  2.81225E-02  3.76201E-01 -6.76384E-02  4.74801E-01  8.72260E-02  2.72975E-02  2.49021E-02  9.29912E-02  1.97902E-01
 OMEGA(3,2)   -2.05314E-02  1.20206E-01  1.09621E-01  1.30807E-02 -1.19382E-02 -4.08850E-02 -1.31825E-02 -2.28855E-02 -5.74202E-02  0.00000E+00 -1.45431E-02 -7.44640E-02  2.29929E-01 -1.82691E-01 -1.29783E-01  2.48181E-02 -5.39997E-02  6.41769E-02  2.12320E-02  2.92696E-01  4.67601E-02  3.15570E-02 -1.51191E-02  1.40443E-01 -5.94147E-03 -1.11382E-02 -4.65601E-02  1.22615E-01 -4.78297E-02 -2.04543E-03  1.79976E-02 -1.93352E-02 -9.70668E-02  1.82822E-01 -3.05784E-01 -2.72315E-03  2.52608E-02 -3.88613E-02 -4.92223E-02  7.95524E-03  2.09127E-01  3.12711E-01  1.18825E-01  4.47011E-02  3.80915E-02 -3.86963E-02  1.77301E-01
 OMEGA(3,3)   -3.17908E-03  3.56341E-02 -1.17978E-01 -4.91224E-02 -1.76137E-02  1.03702E-03 -1.28836E-02 -1.37966E-02 -7.34687E-02  0.00000E+00 -1.15216E-02  2.84999E-02 -1.78401E-02  2.08286E-02  3.70745E-01 -5.39997E-02  2.69545E-02  4.55944E-02  3.97108E-03  4.32472E-02 -3.21989E-02 -1.15710E-02  6.82990E-03  1.55069E-02 -6.06180E-03  2.11258E-02  3.13604E-02 -1.37997E-02  7.71568E-02  6.79313E-03 -2.64182E-03 -5.12200E-03  3.82349E-02  4.96425E-03  1.52175E-01  1.70972E-02 -2.83587E-02  1.17454E-02  6.10289E-03  8.27546E-02 -4.80062E-03  4.82044E-01  6.60966E-02 -2.47670E-03  8.40659E-04  3.47778E-02  1.15140E-01
 OMEGA(4,1)   -4.11940E-03 -7.29149E-03 -2.25976E-02 -5.74347E-03 -3.62055E-03  2.66404E-03  3.37197E-03 -8.26997E-03 -7.65391E-03  0.00000E+00 -4.75220E-04  1.64437E-01  2.54271E-01 -8.28842E-02  7.60125E-02  6.41769E-02  4.55944E-02  3.58786E-02 -1.53345E-01  2.16469E-01  1.71197E-01 -1.33147E-01  7.31016E-02 -2.18477E-02  1.28927E-01 -3.56241E-02  5.27353E-02 -1.51816E-02  2.06903E-02 -5.53503E-02  2.78316E-02 -1.96444E-02 -3.36885E-01  1.03462E-01 -8.87966E-02  7.66286E-02 -7.29886E-02  3.15722E-02 -6.07808E-02  2.37766E-01  6.67007E-02  7.93080E-02  4.20997E-01 -3.13915E-02  2.14223E-02 -1.08488E-01  1.19154E-01
 OMEGA(4,2)   -1.63661E-02 -1.37778E-01  6.51953E-02  3.94839E-02  1.11521E-02  2.91753E-03  1.32716E-03  2.47398E-02 -2.40649E-03  0.00000E+00 -9.79215E-03 -3.50534E-02 -1.81354E-02  4.65764E-01  2.36404E-02  2.12320E-02  3.97108E-03 -1.53345E-01  3.51789E-02 -5.99644E-03  3.75723E-01  3.33037E-02 -9.71185E-02  8.10544E-03  7.24734E-02 -2.13270E-02 -3.42516E-03  4.07819E-02  4.64911E-03 -1.36274E-02  1.70924E-02  7.75022E-03  3.85970E-02 -4.91051E-01 -9.73786E-03 -3.60303E-01  1.59107E-03  7.84129E-03  1.63221E-01 -4.52955E-03  2.34127E-01  2.28935E-02  3.74856E-01 -2.93659E-02  4.65562E-02 -1.42847E-01  1.09757E-01
 OMEGA(4,3)   -3.71395E-02  3.41530E-02  1.70054E-01  4.39666E-02  1.83497E-02 -1.39831E-02 -1.93151E-03  3.68697E-03 -4.91229E-02  0.00000E+00  1.86993E-03  2.01848E-02  5.57857E-02  8.43945E-03  2.01409E-01  2.92696E-01  4.32472E-02  2.16469E-01 -5.99644E-03  2.72623E-02  1.48624E-01 -1.68512E-02 -5.44235E-03 -2.04236E-01 -2.22603E-02 -2.88043E-03  2.30799E-02  1.12932E-02  1.11508E-01  7.59654E-02 -1.26367E-02 -5.87114E-03 -6.30745E-02  3.16687E-02 -3.39782E-01  7.33664E-02 -2.79799E-02 -1.78689E-02 -4.99504E-02  7.62305E-02  8.50624E-02  2.45765E-01  3.47969E-01 -6.61245E-02  5.83121E-02 -6.88854E-02  1.08328E-01
 OMEGA(4,4)   -1.71538E-02 -3.29651E-03  1.17373E-01  5.05696E-02  1.53185E-02  7.87413E-03  3.72569E-03  3.51220E-03 -3.94706E-02  0.00000E+00 -4.08261E-04  9.47784E-03  4.33984E-02  8.57749E-02  3.72529E-02  4.67601E-02 -3.21989E-02  1.71197E-01  3.75723E-01  1.48624E-01  5.24318E-02 -2.02712E-02 -6.24221E-02 -4.44032E-02 -2.15455E-01  1.59889E-02  9.64371E-03  2.97564E-02  1.50372E-02  1.36112E-01 -1.94330E-02 -8.10749E-03 -5.41380E-02 -1.30680E-01 -5.53984E-02 -4.55560E-01  6.83861E-02 -4.21089E-02  1.19516E-01  3.03080E-02  8.06425E-02  3.36380E-02  2.72737E-01 -4.59889E-02  2.72875E-02 -9.03774E-02  4.49053E-02
 OMEGA(5,1)   -7.99696E-03  5.67387E-03  2.20418E-03 -3.00160E-05  2.24006E-02  2.09067E-02  3.77635E-03 -2.36011E-03  1.84445E-03  0.00000E+00  4.60392E-03  2.15097E-01  8.81997E-02 -4.23994E-02  2.28959E-02  3.15570E-02 -1.15710E-02 -1.33147E-01  3.33037E-02 -1.68512E-02 -2.02712E-02  2.93766E-02 -1.91617E-01  2.16313E-01  9.50979E-02  1.91990E-01 -3.44236E-01  8.08448E-02 -8.30174E-02 -1.79748E-02 -9.22488E-02  2.79135E-02  2.02003E-01 -6.40034E-03  1.89171E-02  4.78441E-03  1.59328E-01 -7.28162E-02  2.21694E-02  1.29695E-01  4.15727E-02  3.08241E-03 -4.19177E-02  4.18339E-01 -1.54428E-01  6.24232E-02  3.60244E-02
 OMEGA(5,2)    4.09642E-03 -1.72556E-02 -4.98563E-03 -5.87323E-03  2.04730E-02  2.61419E-03  2.30135E-02  1.70181E-02 -4.26774E-07  0.00000E+00  3.08091E-03 -5.44667E-02  1.02088E-01  1.71758E-01 -1.45648E-03 -1.51191E-02  6.82990E-03  7.31016E-02 -9.71185E-02 -5.44235E-03 -6.24221E-02 -1.91617E-01  2.68857E-02 -6.22134E-02  2.69822E-01  1.94645E-01  7.65638E-02 -3.58251E-01  4.56797E-02 -6.88011E-02 -1.01633E-01  3.10949E-02 -7.45229E-02  1.37228E-01  1.17313E-02  9.99264E-02 -2.83186E-01  1.00783E-01 -8.74780E-02  4.22146E-02  1.41467E-01  1.53227E-02 -2.55842E-02  3.69502E-01 -9.77846E-02  4.80411E-02  6.33149E-02
 OMEGA(5,3)    4.29770E-03  2.04006E-03 -7.43329E-02 -2.05386E-02 -2.20371E-02  9.67383E-03 -8.47548E-03 -2.13955E-02 -4.21560E-03  0.00000E+00 -2.59035E-02  4.73783E-02  1.25990E-02 -1.34188E-02  1.14114E-01  1.40443E-01  1.55069E-02 -2.18477E-02  8.10544E-03 -2.04236E-01 -4.44032E-02  2.16313E-01 -6.22134E-02  2.11340E-02  7.14670E-02 -1.94808E-02 -5.73261E-02  5.01591E-02 -3.81881E-01 -3.66449E-02  1.16956E-01 -5.13263E-02  5.32905E-02  3.75822E-02  1.52401E-01 -8.13881E-03  1.48158E-01 -5.29787E-02  1.98312E-02  4.68618E-02  5.23520E-02  5.13726E-02 -6.29328E-02  3.46006E-01 -1.30506E-01  3.60815E-02  1.60360E-02
 OMEGA(5,4)   -4.45139E-03 -4.26498E-04 -5.03680E-04 -8.35588E-03  1.70402E-03  1.90588E-02  7.76571E-03  4.22686E-03  5.29374E-03  0.00000E+00 -2.09207E-03  2.82250E-02  4.40885E-02  5.63225E-02  1.42364E-02 -5.94147E-03 -6.06180E-03  1.28927E-01  7.24734E-02 -2.22603E-02 -2.15455E-01  9.50979E-02  2.69822E-01  7.14670E-02  2.95034E-02 -2.21993E-01 -2.22646E-02 -6.74213E-02 -1.67150E-02 -3.48052E-01  1.28708E-01 -4.12829E-02 -2.44592E-02  1.66099E-02  1.25766E-02  2.30259E-01 -3.64904E-01  1.09287E-01 -9.64617E-02  4.50106E-02  5.59025E-02 -1.53288E-03  5.34860E-02  1.94639E-01 -6.36445E-02  2.73086E-03  2.44688E-02
 OMEGA(5,5)    3.59523E-03 -6.40343E-03 -1.11365E-02 -1.46117E-03 -3.12991E-02 -1.86754E-02 -2.85253E-03 -6.87219E-03 -1.17193E-02  0.00000E+00 -3.09648E-03  1.18047E-02  1.96614E-02  3.77036E-02  3.48908E-03 -1.11382E-02  2.11258E-02 -3.56241E-02 -2.13270E-02 -2.88043E-03  1.59889E-02  1.91990E-01  1.94645E-01 -1.94808E-02 -2.21993E-01  3.38917E-02 -6.34189E-02 -9.25180E-02  2.59894E-02  7.68456E-02 -4.73485E-01  1.15217E-01  4.63880E-02  1.02913E-02  1.50968E-02 -3.83257E-02  2.49759E-01 -7.39971E-02  3.91447E-02  2.37493E-02 -2.29072E-03  1.87760E-02 -1.88576E-02  9.89880E-02 -2.10573E-02  2.90493E-02  7.51522E-03
 OMEGA(6,1)   -1.13105E-02 -2.61471E-03 -9.26463E-03 -5.06485E-03  2.02450E-02  5.36010E-03  1.50088E-03 -5.50687E-03  1.11611E-02  0.00000E+00 -1.94655E-02 -1.08747E-01 -1.75175E-02  1.61815E-02  6.31456E-02 -4.65601E-02  3.13604E-02  5.27353E-02 -3.42516E-03  2.30799E-02  9.64371E-03 -3.44236E-01  7.65638E-02 -5.73261E-02 -2.22646E-02 -6.34189E-02  3.48378E-02 -2.17770E-01  2.02618E-01  9.46585E-02  1.47579E-01 -7.24566E-02  7.27646E-02 -2.79455E-02  2.53283E-02  2.07574E-02 -4.75671E-02  1.52583E-01  1.12299E-02 -2.39840E-01  2.95780E-02  5.44213E-03  2.02338E-02 -1.77421E-01  4.03473E-01 -8.80319E-03 -1.15629E-01
 OMEGA(6,2)    4.97701E-03  1.24029E-02 -7.84150E-04 -2.59872E-03  3.73592E-04  5.47868E-02  5.92937E-03 -4.14818E-03  1.29334E-02  0.00000E+00  3.64479E-03  2.48351E-02 -3.95456E-02 -7.06443E-02 -2.37733E-02  1.22615E-01 -1.37997E-02 -1.51816E-02  4.07819E-02  1.12932E-02  2.97564E-02  8.08448E-02 -3.58251E-01  5.01591E-02 -6.74213E-02 -9.25180E-02 -2.17770E-01  3.21439E-02 -7.72863E-02  2.88939E-01  1.59149E-01 -6.01025E-02 -9.42690E-04  8.26684E-02 -4.46043E-02 -1.28794E-02  1.20514E-01 -3.14516E-01 -2.05239E-02  1.47221E-02 -2.14454E-01  5.09218E-02 -3.07751E-02 -1.25694E-01  3.38778E-01  8.66152E-02 -1.03132E-01
 OMEGA(6,3)   -3.07290E-03 -1.29180E-02  2.30285E-02  1.16471E-02  1.28993E-02 -3.59675E-02  2.45246E-03  1.06210E-02  2.95555E-03  0.00000E+00  2.97509E-02 -3.53127E-02 -1.37930E-02  1.44375E-02 -9.84716E-03 -4.78297E-02  7.71568E-02  2.06903E-02  4.64911E-03  1.11508E-01  1.50372E-02 -8.30174E-02  4.56797E-02 -3.81881E-01 -1.67150E-02  2.59894E-02  2.02618E-01 -7.72863E-02  2.43315E-02  4.81096E-02 -7.45571E-02  1.41396E-01  8.78789E-03 -1.60604E-02  5.94874E-02  5.86817E-03 -6.91954E-02  1.28495E-01  1.12994E-02 -4.77624E-02  1.21821E-02 -1.92370E-01  2.53766E-02 -1.38203E-01  3.15360E-01  5.26748E-03 -8.43671E-02
 OMEGA(6,4)    2.11714E-03 -1.25553E-02 -1.24328E-02 -4.95983E-03  2.34650E-02  4.65180E-02  1.83989E-02  1.37742E-02  1.13575E-02  0.00000E+00  1.79270E-02 -2.67743E-02 -1.41432E-03 -2.20475E-02  1.53536E-02 -2.04543E-03  6.79313E-03 -5.53503E-02 -1.36274E-02  7.59654E-02  1.36112E-01 -1.79748E-02 -6.88011E-02 -3.66449E-02 -3.48052E-01  7.68456E-02  9.46585E-02  2.88939E-01  4.81096E-02  3.49005E-02 -1.88479E-01  1.01517E-01  4.18219E-02  2.76180E-02 -3.31899E-02  3.32931E-02  8.82679E-02 -3.44480E-01 -3.05850E-02 -2.60550E-02 -5.30983E-02  2.74567E-02 -1.95031E-01 -3.26293E-02  1.70297E-01  8.11504E-02 -5.77521E-02
 OMEGA(6,5)    3.15921E-03 -6.39765E-03 -8.91017E-03  8.83501E-04 -1.49248E-02 -9.54784E-03 -8.36279E-03 -1.21373E-03  9.49191E-03  0.00000E+00 -8.53245E-03 -3.83724E-03  2.52297E-03 -8.97900E-03  1.57952E-02  1.79976E-02 -2.64182E-03  2.78316E-02  1.70924E-02 -1.26367E-02 -1.94330E-02 -9.22488E-02 -1.01633E-01  1.16956E-01  1.28708E-01 -4.73485E-01  1.47579E-01  1.59149E-01 -7.45571E-02 -1.88479E-01  3.10783E-02 -4.90582E-01 -1.97623E-02  1.28642E-02 -5.88826E-03 -6.63142E-03  1.74906E-02  1.65125E-01  8.68343E-03 -4.14670E-02 -8.27060E-03 -1.53460E-02  3.02701E-02 -2.06234E-01  1.02446E-01 -5.93431E-02 -5.79429E-02
 OMEGA(6,6)    4.39395E-03 -9.25081E-03 -1.68749E-02 -2.14292E-03  3.70974E-02 -1.27086E-02  3.59487E-03  4.97880E-03 -2.92876E-04  0.00000E+00 -4.07098E-02  6.01489E-03 -2.17184E-03  2.55127E-03 -2.80404E-02 -1.93352E-02 -5.12200E-03 -1.96444E-02  7.75022E-03 -5.87114E-03 -8.10749E-03  2.79135E-02  3.10949E-02 -5.13263E-02 -4.12829E-02  1.15217E-01 -7.24566E-02 -6.01025E-02  1.41396E-01  1.01517E-01 -4.90582E-01  4.85771E-02  8.75154E-03 -1.34726E-02  2.04119E-03  9.51083E-03 -3.33642E-02  7.46871E-02  3.54426E-03  1.62413E-02  4.98236E-03 -3.62837E-02 -3.22507E-02  8.66969E-02 -2.93778E-01 -1.27327E-02  4.50676E-02
 OMEGA(7,1)   -9.36645E-03 -2.30562E-03  2.60540E-04  3.41982E-03  9.07358E-03  3.90491E-03  3.50858E-03  1.71359E-03 -2.24973E-03  0.00000E+00  5.12860E-03  1.61975E-01 -3.15271E-01  8.88197E-02  1.40839E-01 -9.70668E-02  3.82349E-02 -3.36885E-01  3.85970E-02 -6.30745E-02 -5.41380E-02  2.02003E-01 -7.45229E-02  5.32905E-02 -2.44592E-02  4.63880E-02  7.27646E-02 -9.42690E-04  8.78789E-03  4.18219E-02 -1.97623E-02  8.75154E-03  3.37816E-02 -2.19292E-01  2.55041E-01  8.09983E-02  1.58488E-01 -6.36534E-02  1.67334E-01  2.56695E-01 -1.57172E-01  1.20649E-01 -9.68071E-02  1.04898E-01  9.60778E-03  3.97227E-01  1.28379E-01
 OMEGA(7,2)    9.83047E-03  1.98882E-01 -3.18786E-02 -3.22847E-02 -1.83469E-02 -2.20183E-02  4.18145E-03 -2.98350E-02  6.01003E-03  0.00000E+00  1.00984E-02 -3.22846E-02  2.13264E-01 -4.57539E-01 -3.35570E-02  1.82822E-01  4.96425E-03  1.03462E-01 -4.91051E-01  3.16687E-02 -1.30680E-01 -6.40034E-03  1.37228E-01  3.75822E-02  1.66099E-02  1.02913E-02 -2.79455E-02  8.26684E-02 -1.60604E-02  2.76180E-02  1.28642E-02 -1.34726E-02 -2.19292E-01  3.48787E-02 -1.08906E-01  3.36092E-01  5.26627E-02 -6.50554E-02 -4.02731E-01  1.08414E-03  1.39096E-01  1.34238E-02 -3.71418E-02  9.13347E-02 -1.57013E-02  2.05806E-01  9.68259E-02
 OMEGA(7,3)    9.83165E-03 -2.84541E-02 -9.35265E-02 -3.07124E-02 -1.87684E-02  3.96928E-03 -1.28057E-02 -2.47784E-03  4.43395E-03  0.00000E+00  1.20624E-02  2.98171E-02 -7.47912E-02  3.08085E-02  1.00511E-01 -3.05784E-01  1.52175E-01 -8.87966E-02 -9.73786E-03 -3.39782E-01 -5.53984E-02  1.89171E-02  1.17313E-02  1.52401E-01  1.25766E-02  1.50968E-02  2.53283E-02 -4.46043E-02  5.94874E-02 -3.31899E-02 -5.88826E-03  2.04119E-03  2.55041E-01 -1.08906E-01  2.33965E-02  1.35028E-02  6.86598E-03  1.00843E-01  2.02052E-01  1.05964E-01 -1.19981E-01  2.06450E-01 -1.11542E-01  3.36092E-02  5.58218E-02  3.56470E-01  9.89513E-02
 OMEGA(7,4)    8.14300E-03  7.50073E-03 -4.93515E-02 -2.86350E-02  3.11526E-03  1.62914E-02  4.46775E-03  5.28346E-03  2.89598E-04  0.00000E+00  7.82483E-03  1.78370E-02  6.85173E-03 -1.26089E-01 -2.17624E-03 -2.72315E-03  1.70972E-02  7.66286E-02 -3.60303E-01  7.33664E-02 -4.55560E-01  4.78441E-03  9.99264E-02 -8.13881E-03  2.30259E-01 -3.83257E-02  2.07574E-02 -1.28794E-02  5.86817E-03  3.32931E-02 -6.63142E-03  9.51083E-03  8.09983E-02  3.36092E-01  1.35028E-02  3.51524E-02 -2.10593E-01  5.94162E-02 -4.62602E-01  5.87573E-02  6.06514E-03  2.55619E-02  1.55528E-01 -1.12207E-03  2.52380E-02  1.02950E-01  6.70854E-02
 OMEGA(7,5)    4.50608E-03 -7.41396E-03 -1.91569E-02  2.37383E-03 -7.58810E-03 -6.02160E-03 -1.69034E-02 -1.33876E-02  6.17952E-03  0.00000E+00 -1.25854E-03  2.54738E-02 -1.27575E-02 -5.05535E-02 -9.41736E-04  2.52608E-02 -2.83587E-02 -7.29886E-02  1.59107E-03 -2.79799E-02  6.83861E-02  1.59328E-01 -2.83186E-01  1.48158E-01 -3.64904E-01  2.49759E-01 -4.75671E-02  1.20514E-01 -6.91954E-02  8.82679E-02  1.74906E-02 -3.33642E-02  1.58488E-01  5.26627E-02  6.86598E-03 -2.10593E-01  2.78341E-02 -3.32460E-01  2.57511E-01  2.83514E-02  4.62842E-03 -3.11441E-02 -8.00586E-02  2.61338E-01 -1.06556E-01  1.01773E-01 -1.14789E-02
 OMEGA(7,6)   -9.41225E-04 -5.21293E-02  4.26486E-03  1.56452E-02 -2.20709E-03 -3.82707E-02 -5.13068E-03  4.89804E-03 -4.95645E-03  0.00000E+00 -1.45649E-02 -2.27630E-03 -3.21866E-03  3.56876E-02 -5.29636E-03 -3.88613E-02  1.17454E-02  3.15722E-02  7.84129E-03 -1.78689E-02 -4.21089E-02 -7.28162E-02  1.00783E-01 -5.29787E-02  1.09287E-01 -7.39971E-02  1.52583E-01 -3.14516E-01  1.28495E-01 -3.44480E-01  1.65125E-01  7.46871E-02 -6.36534E-02 -6.50554E-02  1.00843E-01  5.94162E-02 -3.32460E-01  3.27629E-02  7.90094E-02 -5.41239E-02  4.40979E-02 -2.01771E-03  8.55250E-02 -1.52909E-01  2.32265E-01 -1.79360E-01 -6.53099E-02
 OMEGA(7,7)   -2.16478E-03 -4.29746E-02  1.17766E-02  1.30549E-02  4.39193E-04  5.17561E-03 -1.50269E-02 -4.96779E-03 -1.07780E-02  0.00000E+00 -1.11394E-03  1.21509E-02 -5.61401E-02  9.57941E-02  2.81225E-02 -4.92223E-02  6.10289E-03 -6.07808E-02  1.63221E-01 -4.99504E-02  1.19516E-01  2.21694E-02 -8.74780E-02  1.98312E-02 -9.64617E-02  3.91447E-02  1.12299E-02 -2.05239E-02  1.12994E-02 -3.05850E-02  8.68343E-03  3.54426E-03  1.67334E-01 -4.02731E-01  2.02052E-01 -4.62602E-01  2.57511E-01  7.90094E-02  4.38160E-02  2.39827E-02 -1.03457E-01  4.42574E-02 -1.25674E-01  4.99303E-02  3.76848E-02  3.50421E-01  5.88396E-02
 OMEGA(8,1)   -1.38276E-02  5.09661E-04 -8.50563E-03 -6.43069E-03 -5.39073E-03 -1.35720E-03  3.77902E-03 -6.82241E-03 -6.05439E-03  0.00000E+00  1.17288E-02  5.25328E-01  2.33128E-01 -8.41295E-02  3.76201E-01  7.95524E-03  8.27546E-02  2.37766E-01 -4.52955E-03  7.62305E-02  3.03080E-02  1.29695E-01  4.22146E-02  4.68618E-02  4.50106E-02  2.37493E-02 -2.39840E-01  1.47221E-02 -4.77624E-02 -2.60550E-02 -4.14670E-02  1.62413E-02  2.56695E-01  1.08414E-03  1.05964E-01  5.87573E-02  2.83514E-02 -5.41239E-02  2.39827E-02  3.39738E-02 -5.94164E-02  3.24891E-01  1.97421E-01  1.56902E-01 -1.42993E-01  1.82025E-01  5.12753E-01
 OMEGA(8,2)    3.94659E-03  1.09231E-02  5.88047E-03 -1.36051E-03  7.54703E-03  4.38654E-03  1.06854E-02  1.73626E-02 -2.86318E-03  0.00000E+00 -1.89842E-03 -1.19102E-01  2.94066E-01  4.60740E-01 -6.76384E-02  2.09127E-01 -4.80062E-03  6.67007E-02  2.34127E-01  8.50624E-02  8.06425E-02  4.15727E-02  1.41467E-01  5.23520E-02  5.59025E-02 -2.29072E-03  2.95780E-02 -2.14454E-01  1.21821E-02 -5.30983E-02 -8.27060E-03  4.98236E-03 -1.57172E-01  1.39096E-01 -1.19981E-01  6.06514E-03  4.62842E-03  4.40979E-02 -1.03457E-01 -5.94164E-02  3.09326E-02  4.88382E-02  3.27277E-01  1.53330E-01 -1.16140E-01 -2.03765E-01  4.60373E-01
 OMEGA(8,3)   -2.43490E-02  1.31709E-03  1.15578E-03 -9.78639E-03  2.53923E-03  1.41573E-02 -4.12020E-03 -1.25538E-02 -2.53050E-02  0.00000E+00 -1.34138E-02  1.09906E-01  5.35853E-02 -1.75750E-02  4.74801E-01  3.12711E-01  4.82044E-01  7.93080E-02  2.28935E-02  2.45765E-01  3.36380E-02  3.08241E-03  1.53227E-02  5.13726E-02 -1.53288E-03  1.87760E-02  5.44213E-03  5.09218E-02 -1.92370E-01  2.74567E-02 -1.53460E-02 -3.62837E-02  1.20649E-01  1.34238E-02  2.06450E-01  2.55619E-02 -3.11441E-02 -2.01771E-03  4.42574E-02  3.24891E-01  4.88382E-02  2.38089E-02  1.40472E-01  4.40738E-03  4.43188E-02  1.76258E-01  4.32451E-01
 OMEGA(8,4)   -1.60240E-02  2.84238E-02  1.30004E-02 -1.71525E-02  1.22486E-02  1.42397E-02  1.21340E-02 -4.66742E-03 -2.57250E-02  0.00000E+00  4.60140E-03  6.64677E-02  1.49198E-01  1.21158E-01  8.72260E-02  1.18825E-01  6.60966E-02  4.20997E-01  3.74856E-01  3.47969E-01  2.72737E-01 -4.19177E-02 -2.55842E-02 -6.29328E-02  5.34860E-02 -1.88576E-02  2.02338E-02 -3.07751E-02  2.53766E-02 -1.95031E-01  3.02701E-02 -3.22507E-02 -9.68071E-02 -3.71418E-02 -1.11542E-01  1.55528E-01 -8.00586E-02  8.55250E-02 -1.25674E-01  1.97421E-01  3.27277E-01  1.40472E-01  3.20718E-02 -1.36417E-01  4.26229E-02 -2.81969E-01  2.95747E-01
 OMEGA(8,5)   -5.75548E-03 -4.38826E-03 -1.81212E-02 -2.77288E-03 -1.61882E-03  2.32236E-02 -3.65528E-03 -9.02540E-03  6.17391E-03  0.00000E+00 -8.74709E-03  8.12426E-02  1.05734E-01  5.86639E-02  2.72975E-02  4.47011E-02 -2.47670E-03 -3.13915E-02 -2.93659E-02 -6.61245E-02 -4.59889E-02  4.18339E-01  3.69502E-01  3.46006E-01  1.94639E-01  9.89880E-02 -1.77421E-01 -1.25694E-01 -1.38203E-01 -3.26293E-02 -2.06234E-01  8.66969E-02  1.04898E-01  9.13347E-02  3.36092E-02 -1.12207E-03  2.61338E-01 -1.52909E-01  4.99303E-02  1.56902E-01  1.53330E-01  4.40738E-03 -1.36417E-01  2.59476E-02 -3.80780E-01  1.64378E-01  9.60880E-02
 OMEGA(8,6)   -4.41256E-03 -4.20377E-02  2.67729E-02  1.28375E-02  2.17893E-02  1.11726E-03  1.24756E-02  8.74470E-03  3.65969E-03  0.00000E+00  4.10800E-03 -4.60389E-02 -6.05280E-02 -2.06853E-03  2.49021E-02  3.80915E-02  8.40659E-04  2.14223E-02  4.65562E-02  5.83121E-02  2.72875E-02 -1.54428E-01 -9.77846E-02 -1.30506E-01 -6.36445E-02 -2.10573E-02  4.03473E-01  3.38778E-01  3.15360E-01  1.70297E-01  1.02446E-01 -2.93778E-01  9.60778E-03 -1.57013E-02  5.58218E-02  2.52380E-02 -1.06556E-01  2.32265E-01  3.76848E-02 -1.42993E-01 -1.16140E-01  4.43188E-02  4.26229E-02 -3.80780E-01  3.13790E-02  4.86417E-02 -2.46027E-01
 OMEGA(8,7)   -5.02223E-04 -5.47341E-02  7.17894E-03  1.50660E-02  4.61574E-03  1.24483E-02 -1.28379E-02 -4.17392E-03 -4.89911E-03  0.00000E+00  9.84216E-04  5.18601E-02 -7.82799E-02 -1.31119E-01  9.29912E-02 -3.86963E-02  3.47778E-02 -1.08488E-01 -1.42847E-01 -6.88854E-02 -9.03774E-02  6.24232E-02  4.80411E-02  3.60815E-02  2.73086E-03  2.90493E-02 -8.80319E-03  8.66152E-02  5.26748E-03  8.11504E-02 -5.93431E-02 -1.27327E-02  3.97227E-01  2.05806E-01  3.56470E-01  1.02950E-01  1.01773E-01 -1.79360E-01  3.50421E-01  1.82025E-01 -2.03765E-01  1.76258E-01 -2.81969E-01  1.64378E-01  4.86417E-02  3.05179E-02  3.42842E-01
 OMEGA(8,8)   -1.77199E-02 -1.53613E-02  1.78171E-02  1.87193E-03  2.09178E-02  2.03755E-02  7.20661E-03 -4.99988E-03 -2.11940E-02  0.00000E+00 -1.18986E-02  1.53531E-01  1.83980E-01  1.09688E-01  1.97902E-01  1.77301E-01  1.15140E-01  1.19154E-01  1.09757E-01  1.08328E-01  4.49053E-02  3.60244E-02  6.33149E-02  1.60360E-02  2.44688E-02  7.51522E-03 -1.15629E-01 -1.03132E-01 -8.43671E-02 -5.77521E-02 -5.79429E-02  4.50676E-02  1.28379E-01  9.68259E-02  9.89513E-02  6.70854E-02 -1.14789E-02 -6.53099E-02  5.88396E-02  5.12753E-01  4.60373E-01  4.32451E-01  2.95747E-01  9.60880E-02 -2.46027E-01  3.42842E-01  3.97148E-02
