TABLE NO.     1: Importance Sampling (No Prior): Problem=1 Subproblem=0 Superproblem1=0 Iteration1=0 Superproblem2=0 Iteration2=0
 NAME         THETA1       THETA2       THETA3       THETA4       THETA5       THETA6       THETA7       THETA8       SIGMA(1,1)   SIGMA(2,1)   SIGMA(2,2)   OMEGA(1,1)   OMEGA(2,1)   OMEGA(2,2)   OMEGA(3,1)   OMEGA(3,2)   OMEGA(3,3)   OMEGA(4,1)   OMEGA(4,2)   OMEGA(4,3)   OMEGA(4,4)   OMEGA(5,1)   OMEGA(5,2)   OMEGA(5,3)   OMEGA(5,4)   OMEGA(5,5)   OMEGA(6,1)   OMEGA(6,2)   OMEGA(6,3)   OMEGA(6,4)   OMEGA(6,5)   OMEGA(6,6)   OMEGA(7,1)   OMEGA(7,2)   OMEGA(7,3)   OMEGA(7,4)   OMEGA(7,5)   OMEGA(7,6)   OMEGA(7,7)   OMEGA(8,1)   OMEGA(8,2)   OMEGA(8,3)   OMEGA(8,4)   OMEGA(8,5)   OMEGA(8,6)   OMEGA(8,7)   OMEGA(8,8)
 THETA1        3.24978E+02  1.89993E+02 -8.06642E-01 -2.58352E+01 -1.05701E+02 -4.77785E+01  8.16855E+01 -2.42571E+02  1.07614E+02  0.00000E+00 -2.74356E+02 -4.64449E+01 -1.37179E+02 -9.22490E+01 -5.54952E+01 -1.33044E+02 -4.94055E+01  3.65922E+01  7.58511E+01  3.69766E+01  6.02417E+00  1.19861E+02  1.91209E+02  6.07810E+01 -2.52984E+01 -7.97481E+01  6.13010E+01  1.07926E+02  4.39906E+01 -1.06094E+01 -8.67524E+01 -2.52249E+01 -1.29212E+02 -2.59788E+02 -1.06599E+02  4.44949E+01  1.52691E+02  1.10288E+02 -9.35628E+01  1.24846E+02  2.09554E+02  1.26721E+02 -7.18761E+01 -1.63237E+02 -8.08441E+01  2.35428E+02 -8.46821E+01
 THETA2        1.89993E+02  4.63398E+02  9.57407E+01 -2.47117E+01 -1.54207E+02 -9.97513E+01  2.09878E+02 -3.50516E+02 -8.37668E+01  0.00000E+00 -2.82372E+01 -6.70339E+01 -2.65631E+02 -2.35701E+02 -1.65093E+02 -3.60496E+02 -7.63983E+01  7.87600E+01  1.41881E+02  2.01622E+00 -9.89010E+00  2.13343E+02  4.27079E+02  1.88317E+02 -5.52630E+01 -1.52389E+02  1.14938E+02  2.68456E+02  1.16901E+02 -9.70123E+00 -1.83270E+02 -5.89099E+01 -2.93411E+02 -6.23009E+02 -2.55127E+02  9.00734E+01  3.61963E+02  2.70053E+02 -2.23159E+02  2.53424E+02  5.37900E+02  3.19839E+02 -1.19463E+02 -3.82369E+02 -2.19550E+02  5.91752E+02 -2.44668E+02
 THETA3       -8.06642E-01  9.57407E+01  5.08619E+02  7.86002E+00 -3.20871E+01 -8.64153E+01  3.36844E+01 -1.96951E+02 -5.12953E+02  0.00000E+00  5.47366E+02 -3.06377E+01 -1.52146E+02 -1.64874E+02 -1.61553E+02 -2.48692E+02  8.95771E+01  3.33993E+01 -4.07591E+00 -1.41822E+02 -6.08300E+01  8.97325E+01  2.08195E+02  1.50815E+02 -1.47436E+01 -5.64518E+01  7.82138E+01  1.62506E+02  5.48831E+01  4.57352E+01 -8.05698E+01 -2.72068E+01 -1.15837E+02 -2.42746E+02 -9.33705E+01 -2.33158E+00  1.42497E+02  1.06955E+02 -7.36387E+01  1.65945E+02  3.46376E+02  1.80290E+02  6.19878E+01 -1.95404E+02 -1.57991E+02  2.36745E+02 -1.79509E+02
 THETA4       -2.58352E+01 -2.47117E+01  7.86002E+00  2.65133E+02  2.39284E+01 -4.41792E+01  1.11087E+02 -8.48851E+01  1.04889E+02  0.00000E+00  9.04307E+01  5.08660E+00  1.12021E+01  5.51328E-01 -1.15875E+01  7.32605E+00  4.49801E+01 -2.11705E+01 -4.22260E+01 -3.93953E+01 -1.83927E+01 -9.90646E+00 -1.42634E+01 -1.25505E+00  1.59249E+01  6.57125E+00  8.89517E+00  6.20111E+00 -1.13953E+01  2.22981E+01  2.54768E+00 -2.07218E+00  2.72519E+00  1.85039E+01  3.12379E+01 -1.50420E+01 -1.56056E+01 -1.58416E+01  1.42279E+01  3.51237E+00  4.80202E+00 -9.16940E+00  6.39190E+01  6.78734E+00 -1.92827E+01 -1.84204E+01 -1.63995E+01
 THETA5       -1.05701E+02 -1.54207E+02 -3.20871E+01  2.39284E+01  4.12625E+02  1.41469E+02 -1.30862E+02  1.47351E+02 -2.91051E+02  0.00000E+00  2.38009E+02  3.60986E+01  1.54960E+02  1.54394E+02  8.56504E+01  1.94194E+02  4.16701E+01 -2.04247E+01 -4.54443E+01 -1.41360E+01 -7.41663E+00 -1.78108E+02 -3.01031E+02 -8.80613E+01  2.19574E+01  1.38964E+02 -9.24742E+01 -1.71547E+02 -4.35980E+01  1.55521E+00  1.36021E+02  2.25408E+01  1.46277E+02  3.22607E+02  1.38744E+02 -4.38708E+01 -2.08414E+02 -1.22577E+02  1.01667E+02 -1.19655E+02 -2.90299E+02 -1.56669E+02  4.01345E+01  2.44160E+02  1.07336E+02 -2.71569E+02  9.57418E+01
 THETA6       -4.77785E+01 -9.97513E+01 -8.64153E+01 -4.41792E+01  1.41469E+02  2.99868E+02 -1.14747E+02  1.86709E+02 -1.95552E+02  0.00000E+00  1.10658E+02  2.89133E+01  1.43655E+02  1.71476E+02  9.21008E+01  2.04323E+02  6.61128E+00 -2.34351E+00 -4.37985E+00  2.87901E+01  4.92570E+00 -1.34611E+02 -2.60853E+02 -9.47883E+01 -2.51004E+00  1.05367E+02 -1.01105E+02 -2.13642E+02 -3.87119E+01 -2.37336E+01  1.41261E+02  4.84913E+01  1.33962E+02  3.04620E+02  1.14510E+02 -2.62762E+01 -1.69882E+02 -1.21800E+02  8.58520E+01 -1.24990E+02 -3.29527E+02 -1.57725E+02 -1.68895E+01  2.16667E+02  1.64100E+02 -2.61244E+02  1.31520E+02
 THETA7        8.16855E+01  2.09878E+02  3.36844E+01  1.11087E+02 -1.30862E+02 -1.14747E+02  4.10651E+02 -2.78852E+02  6.38694E+01  0.00000E+00 -1.47210E+01 -2.61747E+01 -1.14016E+02 -1.09040E+02 -7.71940E+01 -1.61623E+02 -1.43648E+01  2.11184E+01  4.47272E+01 -8.05669E+00 -7.56832E+00  1.01980E+02  1.96784E+02  8.27904E+01 -1.86582E+01 -7.94624E+01  6.68928E+01  1.41035E+02  4.80701E+01  1.37162E+00 -9.43236E+01 -3.08828E+01 -1.54183E+02 -3.14896E+02 -1.05603E+02  4.52027E+01  1.82591E+02  1.31742E+02 -1.06555E+02  1.17332E+02  2.63245E+02  1.45778E+02 -3.10956E+01 -1.84163E+02 -1.27270E+02  3.02825E+02 -1.30090E+02
 THETA8       -2.42571E+02 -3.50516E+02 -1.96951E+02 -8.48851E+01  1.47351E+02  1.86709E+02 -2.78852E+02  6.83120E+02  1.28582E+01  0.00000E+00 -2.68897E+00  7.02029E+01  2.78700E+02  2.62683E+02  1.77909E+02  3.66924E+02  2.71654E+01 -5.84569E+01 -1.01756E+02  2.93667E+01  2.34338E+01 -2.25010E+02 -4.47512E+02 -1.80215E+02  3.97589E+01  1.62312E+02 -1.33678E+02 -2.97319E+02 -1.01262E+02 -1.49607E+01  1.97345E+02  6.46615E+01  2.79933E+02  5.99653E+02  2.21906E+02 -7.67170E+01 -3.42479E+02 -2.49901E+02  2.02223E+02 -2.76993E+02 -5.93158E+02 -3.05537E+02  6.62167E+01  4.02817E+02  2.51497E+02 -5.57374E+02  2.74596E+02
 SIGMA(1,1)    1.07614E+02 -8.37668E+01 -5.12953E+02  1.04889E+02 -2.91051E+02 -1.95552E+02  6.38694E+01  1.28582E+01  2.41507E+06  0.00000E+00  3.75258E+04  1.60354E+03  8.45249E+03  1.23101E+04  4.03092E+03  1.19547E+04  6.93403E+03 -2.01736E+03 -4.45261E+03  1.28441E+03  2.17602E+03 -3.64132E+03 -9.57224E+03 -3.70447E+03  1.79466E+03  2.46120E+03 -3.79674E+03 -8.73481E+03 -4.67654E+03  5.84078E+02  4.15291E+03  2.18060E+03  3.21741E+03  8.78111E+03  4.87406E+03  3.28402E+02 -4.10679E+03 -3.90529E+03  2.61809E+03 -7.24823E+03 -1.95410E+04 -1.15941E+04  2.26943E+03  7.77141E+03  7.93570E+03 -8.06584E+03  8.93365E+03
 SIGMA(2,1)    0.00000E+00  0.00000E+00  0.00000E+00  0.00000E+00  0.00000E+00  0.00000E+00  0.00000E+00  0.00000E+00  0.00000E+00  0.00000E+00  0.00000E+00  0.00000E+00  0.00000E+00  0.00000E+00  0.00000E+00  0.00000E+00  0.00000E+00  0.00000E+00  0.00000E+00  0.00000E+00  0.00000E+00  0.00000E+00  0.00000E+00  0.00000E+00  0.00000E+00  0.00000E+00  0.00000E+00  0.00000E+00  0.00000E+00  0.00000E+00  0.00000E+00  0.00000E+00  0.00000E+00  0.00000E+00  0.00000E+00  0.00000E+00  0.00000E+00  0.00000E+00  0.00000E+00  0.00000E+00  0.00000E+00  0.00000E+00  0.00000E+00  0.00000E+00  0.00000E+00  0.00000E+00  0.00000E+00
 SIGMA(2,2)   -2.74356E+02 -2.82372E+01  5.47366E+02  9.04307E+01  2.38009E+02  1.10658E+02 -1.47210E+01 -2.68897E+00  3.75258E+04  0.00000E+00  6.99532E+05  1.28956E+03  2.83142E+03  1.79612E+03 -7.48495E+02  2.97384E+02  9.72610E+02 -1.17145E+00 -1.81429E+00  1.41754E+02  8.69902E+01 -2.10410E+03 -2.98331E+03  1.63638E+02 -1.01365E+02  1.53837E+03 -1.01944E+03 -2.51683E+03 -1.92827E+03 -6.14600E+02  3.10722E+03  2.15115E+03  1.30037E+03  1.58924E+03 -1.73676E+02  4.59755E+01 -1.70412E+03 -1.63249E+03  3.74868E+02 -3.32464E+03 -4.26646E+03 -4.56002E+02 -4.49962E+02  3.81776E+03  3.69070E+03 -2.32187E+03  2.92896E+03
 OMEGA(1,1)   -4.64449E+01 -6.70339E+01 -3.06377E+01  5.08660E+00  3.60986E+01  2.89133E+01 -2.61747E+01  7.02029E+01  1.60354E+03  0.00000E+00  1.28956E+03  1.10567E+03  1.58113E+03  7.70574E+02  1.02177E+02  1.19910E+02 -4.38575E+01 -2.37677E+02 -1.93505E+02 -2.57700E+01  1.73096E+01 -8.69581E+02 -7.48911E+02 -2.45841E+01  1.41945E+02  2.22827E+02 -5.36373E+02 -5.56495E+02  6.53413E+01  1.12615E+02  3.31657E+02  1.14131E+02  6.61831E+02  6.64536E+02  9.22593E+01 -7.42124E+01 -3.30865E+02 -2.73226E+02  1.41701E+02 -1.81460E+03 -1.54633E+03 -3.27337E+01  2.44582E+02  8.03335E+02  5.23091E+02 -6.64442E+02  7.90251E+02
 OMEGA(2,1)   -1.37179E+02 -2.65631E+02 -1.52146E+02  1.12021E+01  1.54960E+02  1.43655E+02 -1.14016E+02  2.78700E+02  8.45249E+03  0.00000E+00  2.83142E+03  1.58113E+03  5.34344E+03  3.44280E+03  1.03766E+03  8.36213E+02 -2.04181E+02 -5.11331E+02 -8.46742E+02 -2.93529E+02  5.80688E+01 -2.14774E+03 -3.04866E+03 -4.00172E+02  4.35041E+02  7.09408E+02 -1.64104E+03 -2.24316E+03 -5.00461E+01  3.62095E+02  1.24356E+03  4.75056E+02  2.33502E+03  2.97805E+03  3.83291E+02 -3.12853E+02 -1.33794E+03 -1.05230E+03  6.65918E+02 -4.52460E+03 -6.33442E+03 -7.20624E+02  7.92748E+02  2.80314E+03  2.02509E+03 -2.79829E+03  2.78780E+03
 OMEGA(2,2)   -9.22490E+01 -2.35701E+02 -1.64874E+02  5.51328E-01  1.54394E+02  1.71476E+02 -1.09040E+02  2.62683E+02  1.23101E+04  0.00000E+00  1.79612E+03  7.70574E+02  3.44280E+03  3.83363E+03  7.01507E+02  1.44197E+03 -8.54817E+01 -3.94679E+02 -9.77515E+02 -3.86620E+02  6.63289E+01 -1.33091E+03 -3.02140E+03 -6.27586E+02  4.22369E+02  6.15660E+02 -1.08922E+03 -2.24841E+03 -2.17042E+02  4.04243E+02  1.17713E+03  4.54845E+02  1.49537E+03  3.32214E+03  5.76707E+02 -3.53481E+02 -1.30489E+03 -1.02826E+03  7.61534E+02 -2.79407E+03 -6.03331E+03 -9.19388E+02  8.26869E+02  2.48538E+03  1.78987E+03 -2.63652E+03  2.35959E+03
 OMEGA(3,1)   -5.54952E+01 -1.65093E+02 -1.61553E+02 -1.15875E+01  8.56504E+01  9.21008E+01 -7.71940E+01  1.77909E+02  4.03092E+03  0.00000E+00 -7.48495E+02  1.02177E+02  1.03766E+03  7.01507E+02  3.14929E+03  1.45273E+03 -2.92208E+02 -3.05854E+01 -3.34003E+02 -5.32034E+02  1.19127E+01 -4.30338E+02 -7.44951E+02 -1.08036E+03  1.04249E+02  2.24231E+02 -5.62328E+02 -5.45264E+02 -5.21064E+02  1.42953E+02  3.95460E+02  1.72410E+02  5.17017E+02  5.91568E+02  6.15730E+02 -6.16021E+01 -3.61947E+02 -2.62365E+02  1.53227E+02 -1.40811E+03 -1.38069E+03 -1.85527E+03  3.00107E+02  8.61399E+02  6.02300E+02 -7.28976E+02  7.97373E+02
 OMEGA(3,2)   -1.33044E+02 -3.60496E+02 -2.48692E+02  7.32605E+00  1.94194E+02  2.04323E+02 -1.61623E+02  3.66924E+02  1.19547E+04  0.00000E+00  2.97384E+02  1.19910E+02  8.36213E+02  1.44197E+03  1.45273E+03  4.16078E+03  6.65989E+02 -2.59668E+02 -7.11384E+02 -5.46680E+02  6.85260E+01 -3.95862E+02 -1.32276E+03 -1.64931E+03  3.41077E+02  3.54215E+02 -2.87778E+02 -1.18326E+03 -1.01253E+03  3.37988E+02  6.36301E+02  2.62904E+02  3.48872E+02  1.03563E+03  1.66296E+03 -2.27024E+02 -5.52269E+02 -4.87953E+02  2.08276E+02 -6.24176E+02 -2.37606E+03 -2.84997E+03  5.80946E+02  1.11160E+03  7.98005E+02 -9.80136E+02  8.18871E+02
 OMEGA(3,3)   -4.94055E+01 -7.63983E+01  8.95771E+01  4.49801E+01  4.16701E+01  6.61128E+00 -1.43648E+01  2.71654E+01  6.93403E+03  0.00000E+00  9.72610E+02 -4.38575E+01 -2.04181E+02 -8.54817E+01 -2.92208E+02  6.65989E+02  2.31016E+03 -9.88752E+01 -9.10914E+01  2.49218E+02  8.58780E+01  8.28326E+01  8.53986E+01 -2.86982E+02  8.64608E+01 -2.46084E+01  8.69842E+01 -6.57766E+01 -8.08469E+02 -3.56276E+01  1.85037E+01  9.96471E+01 -1.23442E+02 -1.49354E+02  3.16936E+02  2.41108E+01  9.41163E+01 -5.75804E+01 -3.30302E+01  4.22838E+02  1.41280E+02 -1.81972E+03 -1.26043E+02 -6.91706E+01  3.39980E+02  4.35346E+01  1.08033E+02
 OMEGA(4,1)    3.65922E+01  7.87600E+01  3.33993E+01 -2.11705E+01 -2.04247E+01 -2.34351E+00  2.11184E+01 -5.84569E+01 -2.01736E+03  0.00000E+00 -1.17145E+00 -2.37677E+02 -5.11331E+02 -3.94679E+02 -3.05854E+01 -2.59668E+02 -9.88752E+01  1.86067E+03  1.28220E+03  1.83683E+02 -1.91168E+02  3.59001E+02  3.60915E+02 -2.15057E+01 -7.02774E+02 -9.77580E+01 -1.09949E+02  6.89997E+01 -1.51372E+01 -3.46346E+02 -3.60905E+01 -7.55519E+00  6.74023E+02  3.50598E+02  1.02066E+02  4.14133E+02 -1.95686E+02 -1.63604E+02  1.94105E+02 -1.68439E+02  3.10524E+02  9.35259E+01 -1.47186E+03 -1.41695E+02  9.29843E+01 -6.62135E+02  1.91777E+02
 OMEGA(4,2)    7.58511E+01  1.41881E+02 -4.07591E+00 -4.22260E+01 -4.54443E+01 -4.37985E+00  4.47272E+01 -1.01756E+02 -4.45261E+03  0.00000E+00 -1.81429E+00 -1.93505E+02 -8.46742E+02 -9.77515E+02 -3.34003E+02 -7.11384E+02 -9.10914E+01  1.28220E+03  3.15471E+03  7.94733E+02 -2.35132E+02  4.25527E+02  8.70584E+02  1.94006E+02 -1.12459E+03 -1.98057E+02  1.56115E+02  2.35244E+02  4.63824E+01 -7.07978E+02 -2.08531E+02 -8.36245E+01  3.21148E+02  8.66234E+02  2.24718E+02  1.19527E+03 -2.20610E+02 -2.91478E+02  5.19585E+02  3.47468E+02  5.87116E+02  2.63280E+02 -2.33170E+03 -4.00171E+02 -6.31093E+01 -1.05705E+03  8.41485E+01
 OMEGA(4,3)    3.69766E+01  2.01622E+00 -1.41822E+02 -3.93953E+01 -1.41360E+01  2.87901E+01 -8.05669E+00  2.93667E+01  1.28441E+03  0.00000E+00  1.41754E+02 -2.57700E+01 -2.93529E+02 -3.86620E+02 -5.32034E+02 -5.46680E+02  2.49218E+02  1.83683E+02  7.94733E+02  2.54495E+03 -4.65608E+01  6.70305E+01  3.39186E+02  4.76584E+02 -2.88823E+02 -4.79317E+01  1.38077E+02  2.07254E+02 -3.93254E+02 -4.67821E+02 -1.33386E+02  1.44020E+01  7.29930E+01  2.06868E+02  9.52098E+02  2.53358E+02 -8.19967E+01 -1.65685E+02  1.27197E+02  2.72802E+02  3.38269E+02 -7.09015E+02 -1.27104E+03 -2.00222E+02  1.50302E+02 -5.90449E+02  2.27700E+02
 OMEGA(4,4)    6.02417E+00 -9.89010E+00 -6.08300E+01 -1.83927E+01 -7.41663E+00  4.92570E+00 -7.56832E+00  2.34338E+01  2.17602E+03  0.00000E+00  8.69902E+01  1.73096E+01  5.80688E+01  6.63289E+01  1.19127E+01  6.85260E+01  8.58780E+01 -1.91168E+02 -2.35132E+02 -4.65608E+01  6.64736E+02 -3.52115E+01 -5.26582E+01 -6.38188E-01  1.54560E+02  3.11356E+01  1.27662E+01 -4.33429E+00 -2.72832E+01 -2.09744E+02  1.92686E+01  4.11413E+01 -6.93231E+01 -6.38906E+01  1.75094E+00  5.17722E+02  4.15000E+01 -1.01236E+02  1.03410E+02  1.34944E+01 -5.28924E+01 -8.07991E+01 -3.11780E+02  5.99950E+00  1.15778E+02 -1.61796E+02  1.04207E+02
 OMEGA(5,1)    1.19861E+02  2.13343E+02  8.97325E+01 -9.90646E+00 -1.78108E+02 -1.34611E+02  1.01980E+02 -2.25010E+02 -3.64132E+03  0.00000E+00 -2.10410E+03 -8.69581E+02 -2.14774E+03 -1.33091E+03 -4.30338E+02 -3.95862E+02  8.28326E+01  3.59001E+02  4.25527E+02  6.70305E+01 -3.52115E+01  3.59313E+03  3.19592E+03  4.54799E+02 -5.03543E+02 -1.37915E+03  1.57179E+03  1.65707E+03  1.82394E+02 -2.93014E+02 -1.56382E+03 -5.04601E+02 -1.43973E+03 -1.58320E+03 -2.85073E+02  2.29688E+02  1.58303E+03  8.81183E+02 -4.21967E+02  2.14822E+03  2.60474E+03  3.98998E+02 -4.63979E+02 -3.54943E+03 -1.78009E+03  1.62246E+03 -1.29981E+03
 OMEGA(5,2)    1.91209E+02  4.27079E+02  2.08195E+02 -1.42634E+01 -3.01031E+02 -2.60853E+02  1.96784E+02 -4.47512E+02 -9.57224E+03  0.00000E+00 -2.98331E+03 -7.48911E+02 -3.04866E+03 -3.02140E+03 -7.44951E+02 -1.32276E+03  8.53986E+01  3.60915E+02  8.70584E+02  3.39186E+02 -5.26582E+01  3.19592E+03  7.08485E+03  1.71257E+03 -7.44044E+02 -2.30451E+03  1.77919E+03  3.64825E+03  6.95603E+02 -5.18382E+02 -2.93892E+03 -9.95498E+02 -1.76199E+03 -3.59009E+03 -8.49047E+02  4.29477E+02  3.49335E+03  1.93344E+03 -9.96644E+02  2.72155E+03  5.22422E+03  1.01318E+03 -7.67224E+02 -5.92381E+03 -3.23406E+03  3.08472E+03 -2.32388E+03
 OMEGA(5,3)    6.07810E+01  1.88317E+02  1.50815E+02 -1.25505E+00 -8.80613E+01 -9.47883E+01  8.27904E+01 -1.80215E+02 -3.70447E+03  0.00000E+00  1.63638E+02 -2.45841E+01 -4.00172E+02 -6.27586E+02 -1.08036E+03 -1.64931E+03 -2.86982E+02 -2.15057E+01  1.94006E+02  4.76584E+02 -6.38188E-01  4.54799E+02  1.71257E+03  4.39084E+03 -1.19091E+02 -6.51953E+02  3.68264E+02  1.05111E+03  1.73467E+03 -1.31303E+02 -1.34379E+03 -5.00995E+02 -3.49587E+02 -8.84353E+02 -1.29452E+03  6.74342E+01  8.85946E+02  7.20641E+02 -2.73268E+02  4.98844E+02  1.15300E+03  1.53444E+03 -1.67031E+02 -2.45769E+03 -1.30983E+03  1.06380E+03 -6.16606E+02
 OMEGA(5,4)   -2.52984E+01 -5.52630E+01 -1.47436E+01  1.59249E+01  2.19574E+01 -2.51004E+00 -1.86582E+01  3.97589E+01  1.79466E+03  0.00000E+00 -1.01365E+02  1.41945E+02  4.35041E+02  4.22369E+02  1.04249E+02  3.41077E+02  8.64608E+01 -7.02774E+02 -1.12459E+03 -2.88823E+02  1.54560E+02 -5.03543E+02 -7.44044E+02 -1.19091E+02  2.42084E+03  3.26787E+02 -1.76095E+02 -3.10780E+02 -5.60100E+01  8.98409E+02 -6.98534E+01 -2.65515E+01 -1.24472E+02 -1.85340E+02 -6.40318E+01 -7.64510E+02  8.17759E+02  4.01491E+02 -3.26144E+02 -2.27714E+02 -4.51055E+02 -1.57829E+02  1.00934E+03 -2.23606E+02 -4.54611E+01  4.76155E+02  5.29385E+01
 OMEGA(5,5)   -7.97481E+01 -1.52389E+02 -5.64518E+01  6.57125E+00  1.38964E+02  1.05367E+02 -7.94624E+01  1.62312E+02  2.46120E+03  0.00000E+00  1.53837E+03  2.22827E+02  7.09408E+02  6.15660E+02  2.24231E+02  3.54215E+02 -2.46084E+01 -9.77580E+01 -1.98057E+02 -4.79317E+01  3.11356E+01 -1.37915E+03 -2.30451E+03 -6.51953E+02  3.26787E+02  2.17913E+03 -6.79438E+02 -1.14962E+03 -3.31724E+02  1.53059E+02  1.92038E+03  5.32884E+02  5.65543E+02  9.77653E+02  3.16503E+02 -1.07858E+02 -1.68991E+03 -8.63587E+02  3.62610E+02 -7.61877E+02 -1.22280E+03 -3.80289E+02  1.64353E+02  2.26407E+03  1.21337E+03 -9.86376E+02  6.69201E+02
 OMEGA(6,1)    6.13010E+01  1.14938E+02  7.82138E+01  8.89517E+00 -9.24742E+01 -1.01105E+02  6.68928E+01 -1.33678E+02 -3.79674E+03  0.00000E+00 -1.01944E+03 -5.36373E+02 -1.64104E+03 -1.08922E+03 -5.62328E+02 -2.87778E+02  8.69842E+01 -1.09949E+02  1.56115E+02  1.38077E+02  1.27662E+01  1.57179E+03  1.77919E+03  3.68264E+02 -1.76095E+02 -6.79438E+02  2.46038E+03  2.11919E+03  2.33616E+02 -3.19219E+02 -1.55618E+03 -6.39746E+02 -1.28934E+03 -1.37476E+03 -2.00704E+02  1.16397E+02  9.74074E+02  1.02617E+03 -3.80351E+02  2.13096E+03  2.39806E+03  3.33067E+02 -1.86693E+02 -2.08654E+03 -2.41493E+03  1.56816E+03 -1.36837E+03
 OMEGA(6,2)    1.07926E+02  2.68456E+02  1.62506E+02  6.20111E+00 -1.71547E+02 -2.13642E+02  1.41035E+02 -2.97319E+02 -8.73481E+03  0.00000E+00 -2.51683E+03 -5.56495E+02 -2.24316E+03 -2.24841E+03 -5.45264E+02 -1.18326E+03 -6.57766E+01  6.89997E+01  2.35244E+02  2.07254E+02 -4.33429E+00  1.65707E+03  3.64825E+03  1.05111E+03 -3.10780E+02 -1.14962E+03  2.11919E+03  4.67982E+03  1.03729E+03 -5.02895E+02 -2.71268E+03 -1.19394E+03 -1.41620E+03 -2.91706E+03 -7.14442E+02  1.66255E+02  1.94058E+03  2.34078E+03 -8.47987E+02  2.30522E+03  4.64063E+03  9.99365E+02 -3.45539E+02 -3.51776E+03 -3.96046E+03  2.82236E+03 -2.20475E+03
 OMEGA(6,3)    4.39906E+01  1.16901E+02  5.48831E+01 -1.13953E+01 -4.35980E+01 -3.87119E+01  4.80701E+01 -1.01262E+02 -4.67654E+03  0.00000E+00 -1.92827E+03  6.53413E+01 -5.00461E+01 -2.17042E+02 -5.21064E+02 -1.01253E+03 -8.08469E+02 -1.51372E+01  4.63824E+01 -3.93254E+02 -2.72832E+01  1.82394E+02  6.95603E+02  1.73467E+03 -5.60100E+01 -3.31724E+02  2.33616E+02  1.03729E+03  3.37943E+03  3.44583E+01 -8.28256E+02 -6.83472E+02 -1.61809E+02 -4.54059E+02 -1.13195E+03  2.83113E+01  4.75426E+02  6.79631E+02 -1.54614E+02 -2.09926E+01  5.03708E+02  2.15882E+03  1.61596E+02 -1.02773E+03 -1.84779E+03  7.15015E+02 -5.45355E+02
 OMEGA(6,4)   -1.06094E+01 -9.70123E+00  4.57352E+01  2.22981E+01  1.55521E+00 -2.37336E+01  1.37162E+00 -1.49607E+01  5.84078E+02  0.00000E+00 -6.14600E+02  1.12615E+02  3.62095E+02  4.04243E+02  1.42953E+02  3.37988E+02 -3.56276E+01 -3.46346E+02 -7.07978E+02 -4.67821E+02 -2.09744E+02 -2.93014E+02 -5.18382E+02 -1.31303E+02  8.98409E+02  1.53059E+02 -3.19219E+02 -5.02895E+02  3.44583E+01  1.72383E+03  2.49361E+02 -1.11015E+02 -1.34292E+01 -1.43245E+01 -8.97234E+01 -7.84290E+02  2.27848E+02  6.34809E+02 -2.56949E+02 -3.42995E+02 -5.94950E+02 -7.07369E+01  1.23981E+03  2.01910E+02 -2.55023E+02  4.65851E+02  2.19198E+01
 OMEGA(6,5)   -8.67524E+01 -1.83270E+02 -8.05698E+01  2.54768E+00  1.36021E+02  1.41261E+02 -9.43236E+01  1.97345E+02  4.15291E+03  0.00000E+00  3.10722E+03  3.31657E+02  1.24356E+03  1.17713E+03  3.95460E+02  6.36301E+02  1.85037E+01 -3.60905E+01 -2.08531E+02 -1.33386E+02  1.92686E+01 -1.56382E+03 -2.93892E+03 -1.34379E+03 -6.98534E+01  1.92038E+03 -1.55618E+03 -2.71268E+03 -8.28256E+02  2.49361E+02  4.19563E+03  1.47879E+03  9.50324E+02  1.71845E+03  6.09026E+02 -4.27489E+01 -2.30984E+03 -2.03588E+03  6.46534E+02 -1.48038E+03 -2.58375E+03 -6.81703E+02  2.10571E+02  3.70978E+03  3.01326E+03 -1.97141E+03  1.46946E+03
 OMEGA(6,6)   -2.52249E+01 -5.89099E+01 -2.72068E+01 -2.07218E+00  2.25408E+01  4.84913E+01 -3.08828E+01  6.46615E+01  2.18060E+03  0.00000E+00  2.15115E+03  1.14131E+02  4.75056E+02  4.54845E+02  1.72410E+02  2.62904E+02  9.96471E+01 -7.55519E+00 -8.36245E+01  1.44020E+01  4.11413E+01 -5.04601E+02 -9.95498E+02 -5.00995E+02 -2.65515E+01  5.32884E+02 -6.39746E+02 -1.19394E+03 -6.83472E+02 -1.11015E+02  1.47879E+03  1.11560E+03  3.52689E+02  6.63097E+02  2.95531E+02  3.21384E+01 -7.43061E+02 -1.02591E+03  2.60911E+02 -5.38685E+02 -1.00161E+03 -4.24408E+02 -1.76833E+01  1.30103E+03  1.70783E+03 -8.59178E+02  6.39654E+02
 OMEGA(7,1)   -1.29212E+02 -2.93411E+02 -1.15837E+02  2.72519E+00  1.46277E+02  1.33962E+02 -1.54183E+02  2.79933E+02  3.21741E+03  0.00000E+00  1.30037E+03  6.61831E+02  2.33502E+03  1.49537E+03  5.17017E+02  3.48872E+02 -1.23442E+02  6.74023E+02  3.21148E+02  7.29930E+01 -6.93231E+01 -1.43973E+03 -1.76199E+03 -3.49587E+02 -1.24472E+02  5.65543E+02 -1.28934E+03 -1.41620E+03 -1.61809E+02 -1.34292E+01  9.50324E+02  3.52689E+02  3.10858E+03  2.66038E+03  3.47041E+02 -8.67821E+01 -1.51063E+03 -1.02059E+03  8.38963E+02 -2.77787E+03 -3.32629E+03 -5.34681E+02 -3.97079E+02  1.99423E+03  1.57173E+03 -3.08790E+03  1.90931E+03
 OMEGA(7,2)   -2.59788E+02 -6.23009E+02 -2.42746E+02  1.85039E+01  3.22607E+02  3.04620E+02 -3.14896E+02  5.99653E+02  8.78111E+03  0.00000E+00  1.58924E+03  6.64536E+02  2.97805E+03  3.32214E+03  5.91568E+02  1.03563E+03 -1.49354E+02  3.50598E+02  8.66234E+02  2.06868E+02 -6.38906E+01 -1.58320E+03 -3.59009E+03 -8.84353E+02 -1.85340E+02  9.77653E+02 -1.37476E+03 -2.91706E+03 -4.54059E+02 -1.43245E+01  1.71845E+03  6.63097E+02  2.66038E+03  6.30895E+03  1.31875E+03  1.43460E+02 -2.75913E+03 -2.11030E+03  2.14244E+03 -3.00737E+03 -6.62843E+03 -1.08257E+03 -5.29758E+02  3.43803E+03  2.66560E+03 -5.46585E+03  3.12012E+03
 OMEGA(7,3)   -1.06599E+02 -2.55127E+02 -9.33705E+01  3.12379E+01  1.38744E+02  1.14510E+02 -1.05603E+02  2.21906E+02  4.87406E+03  0.00000E+00 -1.73676E+02  9.22593E+01  3.83291E+02  5.76707E+02  6.15730E+02  1.66296E+03  3.16936E+02  1.02066E+02  2.24718E+02  9.52098E+02  1.75094E+00 -2.85073E+02 -8.49047E+02 -1.29452E+03 -6.40318E+01  3.16503E+02 -2.00704E+02 -7.14442E+02 -1.13195E+03 -8.97234E+01  6.09026E+02  2.95531E+02  3.47041E+02  1.31875E+03  3.83983E+03  9.18402E+01 -7.22467E+02 -8.97796E+02  4.14254E+02 -5.00437E+02 -1.37394E+03 -2.23627E+03 -4.61414E+02  1.09479E+03  9.51188E+02 -2.08275E+03  9.71705E+02
 OMEGA(7,4)    4.44949E+01  9.00734E+01 -2.33158E+00 -1.50420E+01 -4.38708E+01 -2.62762E+01  4.52027E+01 -7.67170E+01  3.28402E+02  0.00000E+00  4.59755E+01 -7.42124E+01 -3.12853E+02 -3.53481E+02 -6.16021E+01 -2.27024E+02  2.41108E+01  4.14133E+02  1.19527E+03  2.53358E+02  5.17722E+02  2.29688E+02  4.29477E+02  6.74342E+01 -7.64510E+02 -1.07858E+02  1.16397E+02  1.66255E+02  2.83113E+01 -7.84290E+02 -4.27489E+01  3.21384E+01 -8.67821E+01  1.43460E+02  9.18402E+01  2.42787E+03 -5.89937E+01 -5.29744E+02  8.92627E+02  1.79700E+02  2.49343E+02  6.77017E+01 -1.72152E+03 -1.27181E+02  1.89232E+02 -1.16723E+03  2.47529E+02
 OMEGA(7,5)    1.52691E+02  3.61963E+02  1.42497E+02 -1.56056E+01 -2.08414E+02 -1.69882E+02  1.82591E+02 -3.42479E+02 -4.10679E+03  0.00000E+00 -1.70412E+03 -3.30865E+02 -1.33794E+03 -1.30489E+03 -3.61947E+02 -5.52269E+02  9.41163E+01 -1.95686E+02 -2.20610E+02 -8.19967E+01  4.15000E+01  1.58303E+03  3.49335E+03  8.85946E+02  8.17759E+02 -1.68991E+03  9.74074E+02  1.94058E+03  4.75426E+02  2.27848E+02 -2.30984E+03 -7.43061E+02 -1.51063E+03 -2.75913E+03 -7.22467E+02 -5.89937E+01  4.59179E+03  2.15125E+03 -1.36887E+03  1.46038E+03  2.70225E+03  6.76194E+02  1.96257E+02 -4.01355E+03 -2.14544E+03  2.81513E+03 -1.41242E+03
 OMEGA(7,6)    1.10288E+02  2.70053E+02  1.06955E+02 -1.58416E+01 -1.22577E+02 -1.21800E+02  1.31742E+02 -2.49901E+02 -3.90529E+03  0.00000E+00 -1.63249E+03 -2.73226E+02 -1.05230E+03 -1.02826E+03 -2.62365E+02 -4.87953E+02 -5.75804E+01 -1.63604E+02 -2.91478E+02 -1.65685E+02 -1.01236E+02  8.81183E+02  1.93344E+03  7.20641E+02  4.01491E+02 -8.63587E+02  1.02617E+03  2.34078E+03  6.79631E+02  6.34809E+02 -2.03588E+03 -1.02591E+03 -1.02059E+03 -2.11030E+03 -8.97796E+02 -5.29744E+02  2.15125E+03  3.21551E+03 -1.16889E+03  1.23266E+03  2.42674E+03  6.91636E+02  5.51764E+02 -2.38440E+03 -2.89879E+03  2.87791E+03 -1.51487E+03
 OMEGA(7,7)   -9.35628E+01 -2.23159E+02 -7.36387E+01  1.42279E+01  1.01667E+02  8.58520E+01 -1.06555E+02  2.02223E+02  2.61809E+03  0.00000E+00  3.74868E+02  1.41701E+02  6.65918E+02  7.61534E+02  1.53227E+02  2.08276E+02 -3.30302E+01  1.94105E+02  5.19585E+02  1.27197E+02  1.03410E+02 -4.21967E+02 -9.96644E+02 -2.73268E+02 -3.26144E+02  3.62610E+02 -3.80351E+02 -8.47987E+02 -1.54614E+02 -2.56949E+02  6.46534E+02  2.60911E+02  8.38963E+02  2.14244E+03  4.14254E+02  8.92627E+02 -1.36887E+03 -1.16889E+03  1.81052E+03 -7.74840E+02 -1.79998E+03 -3.28309E+02 -6.39356E+02  1.18950E+03  9.96743E+02 -2.65429E+03  1.07473E+03
 OMEGA(8,1)    1.24846E+02  2.53424E+02  1.65945E+02  3.51237E+00 -1.19655E+02 -1.24990E+02  1.17332E+02 -2.76993E+02 -7.24823E+03  0.00000E+00 -3.32464E+03 -1.81460E+03 -4.52460E+03 -2.79407E+03 -1.40811E+03 -6.24176E+02  4.22838E+02 -1.68439E+02  3.47468E+02  2.72802E+02  1.34944E+01  2.14822E+03  2.72155E+03  4.98844E+02 -2.27714E+02 -7.61877E+02  2.13096E+03  2.30522E+03 -2.09926E+01 -3.42995E+02 -1.48038E+03 -5.38685E+02 -2.77787E+03 -3.00737E+03 -5.00437E+02  1.79700E+02  1.46038E+03  1.23266E+03 -7.74840E+02  6.47527E+03  6.43600E+03  5.93657E+02 -4.68544E+02 -3.32028E+03 -2.43174E+03  3.52354E+03 -3.86842E+03
 OMEGA(8,2)    2.09554E+02  5.37900E+02  3.46376E+02  4.80202E+00 -2.90299E+02 -3.29527E+02  2.63245E+02 -5.93158E+02 -1.95410E+04  0.00000E+00 -4.26646E+03 -1.54633E+03 -6.33442E+03 -6.03331E+03 -1.38069E+03 -2.37606E+03  1.41280E+02  3.10524E+02  5.87116E+02  3.38269E+02 -5.28924E+01  2.60474E+03  5.22422E+03  1.15300E+03 -4.51055E+02 -1.22280E+03  2.39806E+03  4.64063E+03  5.03708E+02 -5.94950E+02 -2.58375E+03 -1.00161E+03 -3.32629E+03 -6.62843E+03 -1.37394E+03  2.49343E+02  2.70225E+03  2.42674E+03 -1.79998E+03  6.43600E+03  1.30665E+04  2.21763E+03 -8.46322E+02 -5.51666E+03 -4.28411E+03  6.81958E+03 -6.20252E+03
 OMEGA(8,3)    1.26721E+02  3.19839E+02  1.80290E+02 -9.16940E+00 -1.56669E+02 -1.57725E+02  1.45778E+02 -3.05537E+02 -1.15941E+04  0.00000E+00 -4.56002E+02 -3.27337E+01 -7.20624E+02 -9.19388E+02 -1.85527E+03 -2.84997E+03 -1.81972E+03  9.35259E+01  2.63280E+02 -7.09015E+02 -8.07991E+01  3.98998E+02  1.01318E+03  1.53444E+03 -1.57829E+02 -3.80289E+02  3.33067E+02  9.99365E+02  2.15882E+03 -7.07369E+01 -6.81703E+02 -4.24408E+02 -5.34681E+02 -1.08257E+03 -2.23627E+03  6.77017E+01  6.76194E+02  6.91636E+02 -3.28309E+02  5.93657E+02  2.21763E+03  6.42569E+03  1.59898E+02 -1.27367E+03 -1.73051E+03  1.66202E+03 -1.98867E+03
 OMEGA(8,4)   -7.18761E+01 -1.19463E+02  6.19878E+01  6.39190E+01  4.01345E+01 -1.68895E+01 -3.10956E+01  6.62167E+01  2.26943E+03  0.00000E+00 -4.49962E+02  2.44582E+02  7.92748E+02  8.26869E+02  3.00107E+02  5.80946E+02 -1.26043E+02 -1.47186E+03 -2.33170E+03 -1.27104E+03 -3.11780E+02 -4.63979E+02 -7.67224E+02 -1.67031E+02  1.00934E+03  1.64353E+02 -1.86693E+02 -3.45539E+02  1.61596E+02  1.23981E+03  2.10571E+02 -1.76833E+01 -3.97079E+02 -5.29758E+02 -4.61414E+02 -1.72152E+03  1.96257E+02  5.51764E+02 -6.39356E+02 -4.68544E+02 -8.46322E+02  1.59898E+02  4.17321E+03  5.32917E+02 -4.22782E+02  1.90049E+03 -6.75674E+02
 OMEGA(8,5)   -1.63237E+02 -3.82369E+02 -1.95404E+02  6.78734E+00  2.44160E+02  2.16667E+02 -1.84163E+02  4.02817E+02  7.77141E+03  0.00000E+00  3.81776E+03  8.03335E+02  2.80314E+03  2.48538E+03  8.61399E+02  1.11160E+03 -6.91706E+01 -1.41695E+02 -4.00171E+02 -2.00222E+02  5.99950E+00 -3.54943E+03 -5.92381E+03 -2.45769E+03 -2.23606E+02  2.26407E+03 -2.08654E+03 -3.51776E+03 -1.02773E+03  2.01910E+02  3.70978E+03  1.30103E+03  1.99423E+03  3.43803E+03  1.09479E+03 -1.27181E+02 -4.01355E+03 -2.38440E+03  1.18950E+03 -3.32028E+03 -5.51666E+03 -1.27367E+03  5.32917E+02  8.50751E+03  4.41388E+03 -4.07288E+03  3.03688E+03
 OMEGA(8,6)   -8.08441E+01 -2.19550E+02 -1.57991E+02 -1.92827E+01  1.07336E+02  1.64100E+02 -1.27270E+02  2.51497E+02  7.93570E+03  0.00000E+00  3.69070E+03  5.23091E+02  2.02509E+03  1.78987E+03  6.02300E+02  7.98005E+02  3.39980E+02  9.29843E+01 -6.31093E+01  1.50302E+02  1.15778E+02 -1.78009E+03 -3.23406E+03 -1.30983E+03 -4.54611E+01  1.21337E+03 -2.41493E+03 -3.96046E+03 -1.84779E+03 -2.55023E+02  3.01326E+03  1.70783E+03  1.57173E+03  2.66560E+03  9.51188E+02  1.89232E+02 -2.14544E+03 -2.89879E+03  9.96743E+02 -2.43174E+03 -4.28411E+03 -1.73051E+03 -4.22782E+02  4.41388E+03  6.07874E+03 -3.72629E+03  3.00824E+03
 OMEGA(8,7)    2.35428E+02  5.91752E+02  2.36745E+02 -1.84204E+01 -2.71569E+02 -2.61244E+02  3.02825E+02 -5.57374E+02 -8.06584E+03  0.00000E+00 -2.32187E+03 -6.64442E+02 -2.79829E+03 -2.63652E+03 -7.28976E+02 -9.80136E+02  4.35346E+01 -6.62135E+02 -1.05705E+03 -5.90449E+02 -1.61796E+02  1.62246E+03  3.08472E+03  1.06380E+03  4.76155E+02 -9.86376E+02  1.56816E+03  2.82236E+03  7.15015E+02  4.65851E+02 -1.97141E+03 -8.59178E+02 -3.08790E+03 -5.46585E+03 -2.08275E+03 -1.16723E+03  2.81513E+03  2.87791E+03 -2.65429E+03  3.52354E+03  6.81958E+03  1.66202E+03  1.90049E+03 -4.07288E+03 -3.72629E+03  8.31887E+03 -4.60094E+03
 OMEGA(8,8)   -8.46821E+01 -2.44668E+02 -1.79509E+02 -1.63995E+01  9.57418E+01  1.31520E+02 -1.30090E+02  2.74596E+02  8.93365E+03  0.00000E+00  2.92896E+03  7.90251E+02  2.78780E+03  2.35959E+03  7.97373E+02  8.18871E+02  1.08033E+02  1.91777E+02  8.41485E+01  2.27700E+02  1.04207E+02 -1.29981E+03 -2.32388E+03 -6.16606E+02  5.29385E+01  6.69201E+02 -1.36837E+03 -2.20475E+03 -5.45355E+02  2.19198E+01  1.46946E+03  6.39654E+02  1.90931E+03  3.12012E+03  9.71705E+02  2.47529E+02 -1.41242E+03 -1.51487E+03  1.07473E+03 -3.86842E+03 -6.20252E+03 -1.98867E+03 -6.75674E+02  3.03688E+03  3.00824E+03 -4.60094E+03  4.78485E+03
