TABLE NO.     1: First Order Conditional Estimation with Interaction (No Prior): Problem=1 Subproblem=0 Superproblem1=0 Iteration1=0 Superproblem2=0 Iteration2=0
 NAME         THETA1       THETA2       THETA3       THETA4       THETA5       THETA6       THETA7       THETA8       SIGMA(1,1)   SIGMA(2,1)   SIGMA(2,2)   OMEGA(1,1)   OMEGA(2,1)   OMEGA(2,2)   OMEGA(3,1)   OMEGA(3,2)   OMEGA(3,3)   OMEGA(4,1)   OMEGA(4,2)   OMEGA(4,3)   OMEGA(4,4)   OMEGA(5,1)   OMEGA(5,2)   OMEGA(5,3)   OMEGA(5,4)   OMEGA(5,5)   OMEGA(6,1)   OMEGA(6,2)   OMEGA(6,3)   OMEGA(6,4)   OMEGA(6,5)   OMEGA(6,6)   OMEGA(7,1)   OMEGA(7,2)   OMEGA(7,3)   OMEGA(7,4)   OMEGA(7,5)   OMEGA(7,6)   OMEGA(7,7)   OMEGA(8,1)   OMEGA(8,2)   OMEGA(8,3)   OMEGA(8,4)   OMEGA(8,5)   OMEGA(8,6)   OMEGA(8,7)   OMEGA(8,8)
 THETA1        7.04689E-02 -1.91816E-01  2.08908E-01  1.11545E-01  1.51039E-01 -7.37833E-02  1.23639E-01  4.13506E-01 -3.16991E-05  0.00000E+00  1.55555E-02  3.71236E-03 -3.84434E-03  1.74146E-03 -5.74672E-03 -1.53997E-02  3.39245E-03  3.04075E-03 -3.15486E-03 -2.77512E-02 -9.80557E-03 -1.92827E-03  2.18044E-03  1.06349E-02 -1.46583E-03  1.94879E-03  3.20338E-03 -3.81757E-03 -1.15867E-03  4.00422E-03 -1.21220E-05  1.31632E-03 -1.44001E-03 -7.92410E-04  1.49573E-02  4.56376E-03  2.51663E-03  2.84469E-03 -7.46043E-04  1.45523E-03 -5.88556E-03 -1.24843E-02 -5.59456E-03 -1.93613E-04  1.33629E-03  2.42319E-03 -7.10949E-03
 THETA2       -1.91816E-01  7.26645E-02 -7.24196E-02  2.39140E-01  1.02415E-01 -2.30882E-02 -2.98057E-01  2.95218E-01 -9.95588E-04  0.00000E+00 -6.39965E-03 -7.49499E-03  1.01863E-01 -2.44537E-01  9.71261E-03  1.18312E-01  4.01460E-03  2.65255E-04 -1.72289E-01  3.39791E-02  5.58862E-03 -6.14719E-03  1.16310E-02 -3.12837E-02  4.16544E-03 -2.01937E-03 -9.53612E-03  4.06714E-02 -8.88140E-04  4.59310E-03 -8.76010E-03  3.91560E-03 -1.48492E-02  2.39080E-01 -2.91521E-02  1.33626E-02 -1.73640E-02 -3.25869E-02 -4.27024E-02 -1.15564E-02  1.92774E-02 -6.29001E-04  3.04984E-02 -7.30472E-03 -1.34942E-02 -4.13301E-02  6.67872E-03
 THETA3        2.08908E-01 -7.24196E-02  4.97941E-02  5.67621E-02  7.10751E-03  9.55469E-02  1.54668E-01  3.16222E-01  1.48373E-02  0.00000E+00 -3.96307E-02 -1.07316E-02  3.08421E-03  2.72341E-02  2.79652E-02  5.84938E-02 -9.98346E-02 -1.71740E-02  5.84883E-02  1.85070E-01  1.14425E-01  9.07624E-03 -6.27723E-03 -5.54709E-02  3.16840E-03 -8.27340E-03 -3.41049E-03  1.26898E-02  1.93674E-02 -1.48479E-02  3.80469E-03  1.29704E-03  7.78595E-03 -3.07443E-02 -9.32848E-02 -4.29100E-02 -1.14548E-02 -5.38396E-03  5.93898E-03 -5.91513E-03  2.26267E-02  2.20954E-02  2.15368E-02  2.19011E-03  8.07080E-03 -1.07601E-02  1.71913E-02
 THETA4        1.11545E-01  2.39140E-01  5.67621E-02  7.05034E-02 -1.44458E-01  8.90976E-02 -3.34466E-01  2.14055E-01 -6.13364E-03  0.00000E+00 -7.78174E-03 -2.23936E-03 -1.83635E-03  9.95838E-03  1.22367E-02  1.98150E-02 -4.07607E-02  8.84252E-04  1.85944E-02  6.25175E-02  6.82266E-02  3.50059E-03  5.92358E-04 -1.55493E-02 -2.72067E-03 -5.19634E-04  3.69294E-04  7.01057E-03  6.41035E-03  6.81612E-03  2.48276E-03  6.17686E-04  3.34419E-03 -1.13095E-02 -4.10334E-02 -2.35946E-02 -1.95702E-03  2.82559E-03  1.60577E-03  3.40150E-04  4.75673E-03  1.48720E-03  2.78959E-03  3.07950E-03  8.20744E-03 -3.15130E-03  4.29188E-03
 THETA5        1.51039E-01  1.02415E-01  7.10751E-03 -1.44458E-01  5.76058E-02 -3.40325E-01  1.88615E-01  8.48589E-02  6.70400E-03  0.00000E+00 -5.93826E-03  2.10073E-03 -1.46712E-02  1.55168E-02 -8.53480E-04 -5.01700E-03 -5.24421E-03 -2.21042E-04  1.81325E-02  1.94750E-02  1.02809E-02  1.99115E-02  7.19602E-03  5.19027E-03  1.35416E-02 -2.12688E-02  2.50012E-02 -3.55446E-03  4.69240E-03  1.60969E-02 -3.90595E-03  2.71236E-02  8.91412E-03 -1.77909E-02 -1.11070E-02  2.78802E-03 -1.09560E-02 -4.74624E-03 -1.88175E-03  2.17252E-03  4.35159E-03  1.35873E-02  1.33820E-02  9.04954E-03  1.43138E-02  3.12278E-03  1.69011E-02
 THETA6       -7.37833E-02 -2.30882E-02  9.55469E-02  8.90976E-02 -3.40325E-01  6.83560E-02  5.04579E-02 -2.22481E-01 -4.80059E-03  0.00000E+00 -1.65985E-03  3.47670E-03 -1.21849E-02  1.59879E-02 -1.62948E-03 -1.18271E-02  1.62314E-02  3.64923E-03  1.55764E-02 -1.25607E-02  6.91350E-03  2.07675E-02  5.28443E-03  1.77519E-02  1.86263E-02 -2.52767E-02  1.07489E-02  9.56925E-03 -7.83362E-03  4.83677E-02 -2.24755E-02  5.78188E-03  8.07389E-03 -2.18300E-02  3.84155E-03  1.08530E-02 -1.02438E-02 -3.76933E-02  3.97001E-03  5.21442E-03 -1.15199E-03  9.56652E-03  1.42153E-02  1.40050E-02  1.26714E-02  1.14969E-02  1.26074E-02
 THETA7        1.23639E-01 -2.98057E-01  1.54668E-01 -3.34466E-01  1.88615E-01  5.04579E-02  6.56262E-02  2.47848E-01  5.48194E-03  0.00000E+00  3.09693E-04  1.81329E-03 -1.53130E-02  2.60172E-02 -3.15328E-03 -1.97360E-02 -6.12268E-03  5.80898E-04  2.21123E-02 -5.01368E-03 -4.85154E-04  3.78389E-03  1.06616E-02  6.77030E-03  6.10430E-03 -6.24379E-03  6.18418E-03 -4.70193E-03  1.52661E-03  7.08832E-03  5.55364E-04  1.23221E-03  3.18183E-03 -2.67339E-02  5.23756E-03  3.17193E-03 -6.36733E-03  6.52442E-03 -1.33513E-03  3.63570E-03 -1.50867E-03 -2.26021E-03  1.96339E-03  3.31603E-03  1.37414E-02  4.92836E-03  5.76247E-03
 THETA8        4.13506E-01  2.95218E-01  3.16222E-01  2.14055E-01  8.48589E-02 -2.22481E-01  2.47848E-01  6.15339E-02  3.08153E-03  0.00000E+00  1.92656E-03 -2.95027E-03 -1.67393E-02  4.41525E-02  3.92282E-03 -8.68894E-03 -5.17428E-03 -1.63678E-03  3.87161E-02  2.03622E-02  8.54230E-03  5.74132E-03  7.73863E-03 -2.38271E-03  8.24779E-03 -6.89291E-03  2.44155E-03 -2.49420E-03  2.48017E-03  5.62179E-03  8.10745E-04 -1.12244E-03  4.00353E-03 -4.06596E-02 -6.19591E-03 -1.89936E-03 -8.22908E-03  3.81767E-03  6.09046E-06  8.06407E-04  1.11389E-02  1.46074E-02  9.46589E-03  4.94920E-03  1.10759E-02 -1.99742E-03  1.38112E-02
 SIGMA(1,1)   -3.16991E-05 -9.95588E-04  1.48373E-02 -6.13364E-03  6.70400E-03 -4.80059E-03  5.48194E-03  3.08153E-03  6.41085E-04  0.00000E+00 -2.91490E-02  4.52535E-03  2.16927E-02 -3.58232E-02 -9.06965E-03 -3.26939E-02 -5.20831E-02  1.23392E-03  4.01210E-03 -2.16610E-02 -2.39696E-02 -9.06245E-03  5.55067E-03 -1.22810E-03  1.89238E-03 -4.03403E-03  1.39390E-02  3.84517E-03 -1.81434E-03  3.53562E-03  2.88518E-03  1.46450E-02 -9.72385E-03  7.91656E-03  2.19071E-03 -2.30339E-03  4.93235E-03  8.57174E-03 -1.04863E-04 -2.39284E-03 -1.84499E-03 -1.32042E-02 -1.24940E-02  1.75313E-03  7.43408E-03  3.07432E-03 -3.16154E-03
 SIGMA(2,1)    0.00000E+00  0.00000E+00  0.00000E+00  0.00000E+00  0.00000E+00  0.00000E+00  0.00000E+00  0.00000E+00  0.00000E+00  0.00000E+00  0.00000E+00  0.00000E+00  0.00000E+00  0.00000E+00  0.00000E+00  0.00000E+00  0.00000E+00  0.00000E+00  0.00000E+00  0.00000E+00  0.00000E+00  0.00000E+00  0.00000E+00  0.00000E+00  0.00000E+00  0.00000E+00  0.00000E+00  0.00000E+00  0.00000E+00  0.00000E+00  0.00000E+00  0.00000E+00  0.00000E+00  0.00000E+00  0.00000E+00  0.00000E+00  0.00000E+00  0.00000E+00  0.00000E+00  0.00000E+00  0.00000E+00  0.00000E+00  0.00000E+00  0.00000E+00  0.00000E+00  0.00000E+00  0.00000E+00
 SIGMA(2,2)    1.55555E-02 -6.39965E-03 -3.96307E-02 -7.78174E-03 -5.93826E-03 -1.65985E-03  3.09693E-04  1.92656E-03 -2.91490E-02  0.00000E+00  1.22421E-03 -5.36346E-03 -3.37606E-03 -2.47876E-03  1.20309E-02 -7.46086E-03 -1.40877E-02  7.32932E-03 -2.10074E-02 -2.13264E-02 -6.30940E-03 -4.98961E-05  2.20587E-02 -5.17883E-03  2.99870E-03 -9.09488E-03 -1.80156E-02 -1.41639E-02  2.97743E-02  3.21962E-03 -1.65556E-02 -5.55342E-02 -1.70317E-03  1.52110E-02  1.25568E-02  1.29093E-02 -1.10901E-02 -1.96372E-03 -7.12311E-03  5.51394E-03  1.04480E-02 -2.21425E-02  9.89490E-03 -4.88797E-03 -7.32163E-04 -5.56902E-03 -6.71413E-03
 OMEGA(1,1)    3.71236E-03 -7.49499E-03 -1.07316E-02 -2.23936E-03  2.10073E-03  3.47670E-03  1.81329E-03 -2.95027E-03  4.52535E-03  0.00000E+00 -5.36346E-03  4.96400E-02 -2.74618E-01  3.54398E-02  3.07226E-01 -8.09275E-02  3.81191E-02  1.65118E-01 -3.56537E-02  1.73674E-02  8.67315E-03  2.13810E-01 -4.85254E-02  4.66722E-02  2.19279E-02  2.15719E-02 -1.04191E-01  2.36863E-02 -2.90964E-02 -1.42941E-02 -1.38565E-02  9.63760E-03  1.72918E-01 -3.13350E-02  4.98962E-02  2.32348E-02  2.90386E-02 -1.15491E-02  1.43506E-02  5.42923E-01 -1.19221E-01  1.14673E-01  6.21173E-02  8.61815E-02 -4.29671E-02  7.20856E-02  1.69979E-01
 OMEGA(2,1)   -3.84434E-03  1.01863E-01  3.08421E-03 -1.83635E-03 -1.46712E-02 -1.21849E-02 -1.53130E-02 -1.67393E-02  2.16927E-02  0.00000E+00 -3.37606E-03 -2.74618E-01  3.48642E-02 -3.58012E-01 -1.26508E-01  2.38462E-01 -3.16034E-02  2.25718E-01 -4.47181E-02  5.86992E-02  3.93452E-02  7.64741E-02  1.21014E-01  4.27246E-03  4.30514E-02  2.03400E-02 -9.77739E-04 -5.13518E-02  8.77193E-03 -2.25414E-02 -1.11029E-02  2.70144E-03 -3.23299E-01  2.37228E-01 -8.25229E-02  5.52098E-04 -3.08714E-02  2.11644E-02 -5.74085E-02  2.18474E-01  2.95085E-01  3.53027E-02  1.48617E-01  9.19339E-02 -3.17892E-02 -8.39691E-02  1.91151E-01
 OMEGA(2,2)    1.74146E-03 -2.44537E-01  2.72341E-02  9.95838E-03  1.55168E-02  1.59879E-02  2.60172E-02  4.41525E-02 -3.58232E-02  0.00000E+00 -2.47876E-03  3.54398E-02 -3.58012E-01  4.98941E-02  3.48860E-02 -1.82714E-01  2.27194E-02 -7.15889E-02  4.47487E-01 -5.98730E-03  7.28177E-02 -2.46864E-02  1.36764E-01  1.09276E-03  4.06134E-02  2.74474E-02  4.80137E-04 -3.18261E-02 -3.94157E-03 -1.45718E-02  1.23814E-03 -1.38167E-02  9.36026E-02 -4.96007E-01  2.36029E-02 -1.15812E-01 -3.41235E-02  9.88628E-04  1.04337E-01 -7.45930E-02  4.35052E-01 -5.22638E-04  1.05197E-01  5.44443E-02 -2.26191E-02 -1.26719E-01  1.00840E-01
 OMEGA(3,1)   -5.74672E-03  9.71261E-03  2.79652E-02  1.22367E-02 -8.53480E-04 -1.62948E-03 -3.15328E-03  3.92282E-03 -9.06965E-03  0.00000E+00  1.20309E-02  3.07226E-01 -1.26508E-01  3.48860E-02  2.45729E-02 -1.40643E-01  3.45025E-01  4.79195E-02  1.84480E-02  1.74151E-01  3.06430E-02  3.51006E-02 -3.20350E-03  1.41305E-01  1.27973E-02  3.25202E-03  8.27010E-02 -1.29105E-02 -2.05248E-02  2.63109E-02  1.40974E-02 -2.42518E-02  1.87123E-01 -3.96298E-02  1.04817E-01  4.02193E-03  1.46435E-02 -2.03504E-03  2.77349E-02  3.67880E-01 -7.49602E-02  4.84771E-01  6.77817E-02  5.38416E-02  2.07214E-02  9.39402E-02  1.88798E-01
 OMEGA(3,2)   -1.53997E-02  1.18312E-01  5.84938E-02  1.98150E-02 -5.01700E-03 -1.18271E-02 -1.97360E-02 -8.68894E-03 -3.26939E-02  0.00000E+00 -7.46086E-03 -8.09275E-02  2.38462E-01 -1.82714E-01 -1.40643E-01  2.31853E-02 -7.24733E-02  6.90386E-02 -1.87909E-02  2.75800E-01  3.18059E-02  3.34477E-02  3.77479E-04  1.38403E-01  3.77615E-03 -4.29449E-03 -3.51624E-02  1.28415E-01  3.74872E-03  2.85750E-02  2.60665E-03 -1.19665E-02 -9.69870E-02  2.00172E-01 -3.16040E-01  2.32745E-02  2.10387E-02 -3.38005E-02 -6.06496E-02  1.30105E-02  2.32636E-01  3.19992E-01  1.00426E-01  4.94533E-02  4.80893E-02 -3.71541E-02  1.75073E-01
 OMEGA(3,3)    3.39245E-03  4.01460E-03 -9.98346E-02 -4.07607E-02 -5.24421E-03  1.62314E-02 -6.12268E-03 -5.17428E-03 -5.20831E-02  0.00000E+00 -1.40877E-02  3.81191E-02 -3.16034E-02  2.27194E-02  3.45025E-01 -7.24733E-02  2.46315E-02  2.82037E-02  5.46457E-03  1.62025E-03 -4.05216E-02  2.97388E-03  5.64504E-03  2.49238E-02  8.84722E-04  9.64653E-03  2.47777E-02 -1.26330E-02  1.07458E-01  1.20331E-02 -4.79385E-03  1.21883E-03  5.59996E-02 -2.18091E-02  1.83858E-01 -9.82182E-04 -4.15306E-03  2.31794E-02  2.69066E-02  8.60792E-02 -2.49163E-02  4.75249E-01  4.12335E-02  1.50995E-02  2.76533E-02  6.13722E-02  1.03840E-01
 OMEGA(4,1)    3.04075E-03  2.65255E-04 -1.71740E-02  8.84252E-04 -2.21042E-04  3.64923E-03  5.80898E-04 -1.63678E-03  1.23392E-03  0.00000E+00  7.32932E-03  1.65118E-01  2.25718E-01 -7.15889E-02  4.79195E-02  6.90386E-02  2.82037E-02  3.50017E-02 -1.49784E-01  2.16565E-01  1.64021E-01 -1.28506E-01  7.50555E-02 -2.67617E-02  1.34558E-01 -3.06558E-02  8.72340E-02 -3.25683E-02  3.27099E-02 -5.41486E-02  2.26928E-02 -1.41716E-02 -3.15527E-01  9.03652E-02 -8.21463E-02  7.54876E-02 -6.90806E-02  3.43375E-02 -5.88745E-02  2.40634E-01  6.23641E-02  6.12433E-02  4.33687E-01 -2.61460E-02  2.85467E-02 -1.08977E-01  1.23594E-01
 OMEGA(4,2)   -3.15486E-03 -1.72289E-01  5.84883E-02  1.85944E-02  1.81325E-02  1.55764E-02  2.21123E-02  3.87161E-02  4.01210E-03  0.00000E+00 -2.10074E-02 -3.56537E-02 -4.47181E-02  4.47487E-01  1.84480E-02 -1.87909E-02  5.46457E-03 -1.49784E-01  3.57612E-02 -2.49341E-02  3.46443E-01  4.52945E-02 -1.14681E-01  3.41833E-02  8.27760E-02 -2.31286E-02 -1.43610E-02  4.92841E-02 -5.75601E-03  1.15419E-02  1.31709E-02 -1.17991E-03  4.28291E-02 -4.80975E-01  2.52773E-03 -3.57699E-01  1.16887E-02 -1.27999E-02  1.59907E-01  5.44886E-03  2.38183E-01  1.97783E-02  3.61548E-01 -1.39656E-02  3.79638E-02 -1.45276E-01  1.06484E-01
 OMEGA(4,3)   -2.77512E-02  3.39791E-02  1.85070E-01  6.25175E-02  1.94750E-02 -1.25607E-02 -5.01368E-03  2.03622E-02 -2.16610E-02  0.00000E+00 -2.13264E-02  1.73674E-02  5.86992E-02 -5.98730E-03  1.74151E-01  2.75800E-01  1.62025E-03  2.16565E-01 -2.49341E-02  2.56788E-02  1.13952E-01 -1.44043E-02  6.04730E-03 -1.83211E-01 -1.00537E-02 -6.58252E-03  3.68324E-02  2.54230E-02  1.03226E-01  9.60918E-02 -6.40426E-03  1.83143E-02 -5.07206E-02  4.66488E-02 -3.59334E-01  1.05800E-01 -3.08387E-02 -2.84895E-02 -6.61670E-02  6.92972E-02  8.33754E-02  2.38562E-01  3.26531E-01 -4.01781E-02  4.76031E-02 -8.09608E-02  9.89562E-02
 OMEGA(4,4)   -9.80557E-03  5.58862E-03  1.14425E-01  6.82266E-02  1.02809E-02  6.91350E-03 -4.85154E-04  8.54230E-03 -2.39696E-02  0.00000E+00 -6.30940E-03  8.67315E-03  3.93452E-02  7.28177E-02  3.06430E-02  3.18059E-02 -4.05216E-02  1.64021E-01  3.46443E-01  1.13952E-01  5.10881E-02 -1.65875E-02 -5.13109E-02 -3.34952E-02 -2.05933E-01  1.67477E-02  1.61704E-02  3.63234E-02  1.94318E-02  1.41109E-01 -1.67146E-02  4.10619E-03 -4.95346E-02 -1.15264E-01 -4.09563E-02 -4.44646E-01  6.03956E-02 -4.95177E-02  1.11109E-01  3.13398E-02  8.21556E-02  1.95225E-02  2.84729E-01 -4.12496E-02  3.23046E-02 -9.75878E-02  4.59739E-02
 OMEGA(5,1)   -1.92827E-03 -6.14719E-03  9.07624E-03  3.50059E-03  1.99115E-02  2.07675E-02  3.78389E-03  5.74132E-03 -9.06245E-03  0.00000E+00 -4.98961E-05  2.13810E-01  7.64741E-02 -2.46864E-02  3.51006E-02  3.34477E-02  2.97388E-03 -1.28506E-01  4.52945E-02 -1.44043E-02 -1.65875E-02  2.90296E-02 -1.83385E-01  2.16529E-01  9.71415E-02  2.07885E-01 -3.45115E-01  6.67160E-02 -8.29738E-02 -1.99653E-02 -1.16305E-01  4.57737E-02  2.08437E-01 -2.48615E-02  2.85928E-02  5.29947E-03  1.44558E-01 -5.62741E-02  3.02816E-02  1.34251E-01  3.61516E-02  2.57885E-02 -3.73843E-02  4.22093E-01 -1.45343E-01  8.03511E-02  5.35666E-02
 OMEGA(5,2)    2.18044E-03  1.16310E-02 -6.27723E-03  5.92358E-04  7.19602E-03  5.28443E-03  1.06616E-02  7.73863E-03  5.55067E-03  0.00000E+00  2.20587E-02 -4.85254E-02  1.21014E-01  1.36764E-01 -3.20350E-03  3.77479E-04  5.64504E-03  7.50555E-02 -1.14681E-01  6.04730E-03 -5.13109E-02 -1.83385E-01  2.66619E-02 -7.19549E-02  2.59022E-01  1.81886E-01  6.99383E-02 -3.37314E-01  2.66632E-02 -7.96232E-02 -4.84570E-02 -1.02462E-02 -8.72857E-02  1.66094E-01 -4.62963E-03  9.79224E-02 -2.83139E-01  9.93599E-02 -9.61776E-02  3.75676E-02  1.49342E-01  3.74510E-03 -2.61364E-02  3.73325E-01 -1.18510E-01  3.52717E-02  4.58585E-02
 OMEGA(5,3)    1.06349E-02 -3.12837E-02 -5.54709E-02 -1.55493E-02  5.19027E-03  1.77519E-02  6.77030E-03 -2.38271E-03 -1.22810E-03  0.00000E+00 -5.17883E-03  4.66722E-02  4.27246E-03  1.09276E-03  1.41305E-01  1.38403E-01  2.49238E-02 -2.67617E-02  3.41833E-02 -1.83211E-01 -3.34952E-02  2.16529E-01 -7.19549E-02  1.97971E-02  4.34625E-02  1.51905E-02 -6.47131E-02  4.63518E-02 -3.58432E-01 -3.21646E-02  9.95177E-02 -6.23124E-02  6.46242E-02  2.15544E-03  1.86271E-01 -1.34535E-02  1.55169E-01 -4.13349E-02  3.55219E-02  6.40066E-02  3.67130E-02  7.43567E-02 -5.09645E-02  3.19112E-01 -1.02401E-01  7.32032E-02  4.21219E-02
 OMEGA(5,4)   -1.46583E-03  4.16544E-03  3.16840E-03 -2.72067E-03  1.35416E-02  1.86263E-02  6.10430E-03  8.24779E-03  1.89238E-03  0.00000E+00  2.99870E-03  2.19279E-02  4.30514E-02  4.06134E-02  1.27973E-02  3.77615E-03  8.84722E-04  1.34558E-01  8.27760E-02 -1.00537E-02 -2.05933E-01  9.71415E-02  2.59022E-01  4.34625E-02  2.89048E-02 -2.11461E-01 -1.93586E-02 -7.03661E-02 -8.81348E-03 -3.44593E-01  1.30232E-01 -3.42483E-02 -2.26939E-02  1.30078E-02  8.07595E-03  2.23535E-01 -3.60584E-01  1.20036E-01 -9.18734E-02  4.75691E-02  4.63370E-02  9.46608E-03  5.22941E-02  1.97569E-01 -5.43020E-02  1.36066E-02  3.23195E-02
 OMEGA(5,5)    1.94879E-03 -2.01937E-03 -8.27340E-03 -5.19634E-04 -2.12688E-02 -2.52767E-02 -6.24379E-03 -6.89291E-03 -4.03403E-03  0.00000E+00 -9.09488E-03  2.15719E-02  2.03400E-02  2.74474E-02  3.25202E-03 -4.29449E-03  9.64653E-03 -3.06558E-02 -2.31286E-02 -6.58252E-03  1.67477E-02  2.07885E-01  1.81886E-01  1.51905E-02 -2.11461E-01  3.31008E-02 -7.60188E-02 -6.79169E-02  4.42089E-04  6.65454E-02 -4.62258E-01  8.94256E-02  4.11148E-02  1.05897E-02  1.17394E-03 -4.16919E-02  2.72175E-01 -7.22182E-02  4.37279E-02  1.87574E-02 -3.85569E-03  2.30905E-03 -2.12680E-02  1.22997E-01 -3.49680E-02  2.73003E-02  7.58549E-03
 OMEGA(6,1)    3.20338E-03 -9.53612E-03 -3.41049E-03  3.69294E-04  2.50012E-02  1.07489E-02  6.18418E-03  2.44155E-03  1.39390E-02  0.00000E+00 -1.80156E-02 -1.04191E-01 -9.77739E-04  4.80137E-04  8.27010E-02 -3.51624E-02  2.47777E-02  8.72340E-02 -1.43610E-02  3.68324E-02  1.61704E-02 -3.45115E-01  6.99383E-02 -6.47131E-02 -1.93586E-02 -7.60188E-02  3.40262E-02 -1.99311E-01  2.08818E-01  1.07197E-01  1.79147E-01 -7.49072E-02  3.98210E-02 -6.74343E-03  2.69415E-02  1.86422E-02 -3.44771E-02  1.23515E-01  1.55222E-03 -2.32914E-01  4.52165E-02 -3.33551E-03  2.36401E-02 -1.74426E-01  4.18019E-01 -1.22984E-02 -1.22329E-01
 OMEGA(6,2)   -3.81757E-03  4.06714E-02  1.26898E-02  7.01057E-03 -3.55446E-03  9.56925E-03 -4.70193E-03 -2.49420E-03  3.84517E-03  0.00000E+00 -1.41639E-02  2.36863E-02 -5.13518E-02 -3.18261E-02 -1.29105E-02  1.28415E-01 -1.26330E-02 -3.25683E-02  4.92841E-02  2.54230E-02  3.63234E-02  6.67160E-02 -3.37314E-01  4.63518E-02 -7.03661E-02 -6.79169E-02 -1.99311E-01  3.19964E-02 -7.06611E-02  2.49697E-01  1.12839E-01 -1.84413E-02  1.91936E-02  4.18120E-02 -4.09833E-02 -1.28085E-02  1.12131E-01 -3.10647E-01 -1.15201E-02  2.53165E-02 -2.46320E-01  5.26376E-02 -1.47905E-02 -1.35202E-01  3.56842E-01  9.65034E-02 -9.95125E-02
 OMEGA(6,3)   -1.15867E-03 -8.88140E-04  1.93674E-02  6.41035E-03  4.69240E-03 -7.83362E-03  1.52661E-03  2.48017E-03 -1.81434E-03  0.00000E+00  2.97743E-02 -2.90964E-02  8.77193E-03 -3.94157E-03 -2.05248E-02  3.74872E-03  1.07458E-01  3.27099E-02 -5.75601E-03  1.03226E-01  1.94318E-02 -8.29738E-02  2.66632E-02 -3.58432E-01 -8.81348E-03  4.42089E-04  2.08818E-01 -7.06611E-02  2.30250E-02  3.79194E-02 -3.86200E-02  1.44178E-01  2.54554E-03  2.13823E-03  3.20945E-02  7.18992E-03 -6.22785E-02  1.50153E-01  5.02940E-03 -6.44842E-02  2.67255E-02 -1.92325E-01  2.65738E-02 -1.14453E-01  2.89853E-01 -3.22988E-02 -1.08818E-01
 OMEGA(6,4)    4.00422E-03  4.59310E-03 -1.48479E-02  6.81612E-03  1.60969E-02  4.83677E-02  7.08832E-03  5.62179E-03  3.53562E-03  0.00000E+00  3.21962E-03 -1.42941E-02 -2.25414E-02 -1.45718E-02  2.63109E-02  2.85750E-02  1.20331E-02 -5.41486E-02  1.15419E-02  9.60918E-02  1.41109E-01 -1.99653E-02 -7.96232E-02 -3.21646E-02 -3.44593E-01  6.65454E-02  1.07197E-01  2.49697E-01  3.79194E-02  3.41344E-02 -1.77534E-01  1.21739E-01  3.76152E-02  1.95703E-02 -4.74920E-02  1.16571E-02  9.46428E-02 -3.19786E-01 -2.74542E-02 -3.12047E-02 -5.17699E-02  2.59057E-02 -1.88136E-01 -3.70969E-02  1.89302E-01  8.02220E-02 -6.31119E-02
 OMEGA(6,5)   -1.21220E-05 -8.76010E-03  3.80469E-03  2.48276E-03 -3.90595E-03 -2.24755E-02  5.55364E-04  8.10745E-04  2.88518E-03  0.00000E+00 -1.65556E-02 -1.38565E-02 -1.11029E-02  1.23814E-03  1.40974E-02  2.60665E-03 -4.79385E-03  2.26928E-02  1.31709E-02 -6.40426E-03 -1.67146E-02 -1.16305E-01 -4.84570E-02  9.95177E-02  1.30232E-01 -4.62258E-01  1.79147E-01  1.12839E-01 -3.86200E-02 -1.77534E-01  2.94774E-02 -4.58486E-01 -5.35392E-03 -2.33692E-03  1.28160E-02  5.12388E-03 -1.23321E-02  1.82552E-01  1.02675E-02 -3.52486E-02 -3.32078E-02  4.81051E-03  3.77415E-02 -2.41457E-01  1.41394E-01 -3.78502E-02 -2.69362E-02
 OMEGA(6,6)    1.31632E-03  3.91560E-03  1.29704E-03  6.17686E-04  2.71236E-02  5.78188E-03  1.23221E-03 -1.12244E-03  1.46450E-02  0.00000E+00 -5.55342E-02  9.63760E-03  2.70144E-03 -1.38167E-02 -2.42518E-02 -1.19665E-02  1.21883E-03 -1.41716E-02 -1.17991E-03  1.83143E-02  4.10619E-03  4.57737E-02 -1.02462E-02 -6.23124E-02 -3.42483E-02  8.94256E-02 -7.49072E-02 -1.84413E-02  1.44178E-01  1.21739E-01 -4.58486E-01  4.77170E-02 -4.79369E-03  9.06331E-03  6.01730E-03  7.28384E-03 -3.07639E-02  4.64228E-02 -1.52843E-03  1.77133E-02  1.70390E-02 -3.94814E-02 -2.94702E-02  9.20861E-02 -3.10055E-01 -2.11438E-02  4.39969E-02
 OMEGA(7,1)   -1.44001E-03 -1.48492E-02  7.78595E-03  3.34419E-03  8.91412E-03  8.07389E-03  3.18183E-03  4.00353E-03 -9.72385E-03  0.00000E+00 -1.70317E-03  1.72918E-01 -3.23299E-01  9.36026E-02  1.87123E-01 -9.69870E-02  5.59996E-02 -3.15527E-01  4.28291E-02 -5.07206E-02 -4.95346E-02  2.08437E-01 -8.72857E-02  6.46242E-02 -2.26939E-02  4.11148E-02  3.98210E-02  1.91936E-02  2.54554E-03  3.76152E-02 -5.35392E-03 -4.79369E-03  3.29375E-02 -2.17502E-01  2.42148E-01  7.22654E-02  1.69774E-01 -7.49126E-02  1.71087E-01  2.74083E-01 -1.61446E-01  1.26730E-01 -1.00081E-01  1.18328E-01  2.01971E-03  4.28544E-01  1.49516E-01
 OMEGA(7,2)   -7.92410E-04  2.39080E-01 -3.07443E-02 -1.13095E-02 -1.77909E-02 -2.18300E-02 -2.67339E-02 -4.06596E-02  7.91656E-03  0.00000E+00  1.52110E-02 -3.13350E-02  2.37228E-01 -4.96007E-01 -3.96298E-02  2.00172E-01 -2.18091E-02  9.03652E-02 -4.80975E-01  4.66488E-02 -1.15264E-01 -2.48615E-02  1.66094E-01  2.15544E-03  1.30078E-02  1.05897E-02 -6.74343E-03  4.18120E-02  2.13823E-03  1.95703E-02 -2.33692E-03  9.06331E-03 -2.17502E-01  3.55388E-02 -1.01152E-01  3.22276E-01  3.45402E-02 -1.97508E-02 -4.05396E-01 -7.69418E-03  1.28553E-01  1.06148E-02 -3.42991E-02  7.29667E-02  1.66188E-02  2.12054E-01  1.02561E-01
 OMEGA(7,3)    1.49573E-02 -2.91521E-02 -9.32848E-02 -4.10334E-02 -1.11070E-02  3.84155E-03  5.23756E-03 -6.19591E-03  2.19071E-03  0.00000E+00  1.25568E-02  4.98962E-02 -8.25229E-02  2.36029E-02  1.04817E-01 -3.16040E-01  1.83858E-01 -8.21463E-02  2.52773E-03 -3.59334E-01 -4.09563E-02  2.85928E-02 -4.62963E-03  1.86271E-01  8.07595E-03  1.17394E-03  2.69415E-02 -4.09833E-02  3.20945E-02 -4.74920E-02  1.28160E-02  6.01730E-03  2.42148E-01 -1.01152E-01  2.25201E-02 -1.59066E-02  2.00898E-02  1.06605E-01  2.14135E-01  9.47439E-02 -1.17096E-01  2.07576E-01 -1.22055E-01  5.26940E-02  3.75784E-02  3.48022E-01  9.92940E-02
 OMEGA(7,4)    4.56376E-03  1.33626E-02 -4.29100E-02 -2.35946E-02  2.78802E-03  1.08530E-02  3.17193E-03 -1.89936E-03 -2.30339E-03  0.00000E+00  1.29093E-02  2.32348E-02  5.52098E-04 -1.15812E-01  4.02193E-03  2.32745E-02 -9.82182E-04  7.54876E-02 -3.57699E-01  1.05800E-01 -4.44646E-01  5.29947E-03  9.79224E-02 -1.34535E-02  2.23535E-01 -4.16919E-02  1.86422E-02 -1.28085E-02  7.18992E-03  1.16571E-02  5.12388E-03  7.28384E-03  7.22654E-02  3.22276E-01 -1.59066E-02  3.42384E-02 -2.02163E-01  6.72811E-02 -4.54524E-01  5.37723E-02  1.82001E-04  1.43393E-02  1.50682E-01  1.91141E-03  2.94821E-02  1.20132E-01  7.04148E-02
 OMEGA(7,5)    2.51663E-03 -1.73640E-02 -1.14548E-02 -1.95702E-03 -1.09560E-02 -1.02438E-02 -6.36733E-03 -8.22908E-03  4.93235E-03  0.00000E+00 -1.10901E-02  2.90386E-02 -3.08714E-02 -3.41235E-02  1.46435E-02  2.10387E-02 -4.15306E-03 -6.90806E-02  1.16887E-02 -3.08387E-02  6.03956E-02  1.44558E-01 -2.83139E-01  1.55169E-01 -3.60584E-01  2.72175E-01 -3.44771E-02  1.12131E-01 -6.22785E-02  9.46428E-02 -1.23321E-02 -3.07639E-02  1.69774E-01  3.45402E-02  2.00898E-02 -2.02163E-01  2.72518E-02 -3.27515E-01  2.67003E-01  3.93486E-02 -4.32269E-03 -3.86436E-03 -7.04038E-02  2.51788E-01 -9.12966E-02  1.20966E-01  1.70243E-02
 OMEGA(7,6)    2.84469E-03 -3.25869E-02 -5.38396E-03  2.82559E-03 -4.74624E-03 -3.76933E-02  6.52442E-03  3.81767E-03  8.57174E-03  0.00000E+00 -1.96372E-03 -1.15491E-02  2.11644E-02  9.88628E-04 -2.03504E-03 -3.38005E-02  2.31794E-02  3.43375E-02 -1.27999E-02 -2.84895E-02 -4.95177E-02 -5.62741E-02  9.93599E-02 -4.13349E-02  1.20036E-01 -7.22182E-02  1.23515E-01 -3.10647E-01  1.50153E-01 -3.19786E-01  1.82552E-01  4.64228E-02 -7.49126E-02 -1.97508E-02  1.06605E-01  6.72811E-02 -3.27515E-01  3.17138E-02  5.84264E-02 -5.12700E-02  6.95150E-02 -1.55162E-02  8.92058E-02 -1.38573E-01  2.08527E-01 -2.17707E-01 -8.55628E-02
 OMEGA(7,7)   -7.46043E-04 -4.27024E-02  5.93898E-03  1.60577E-03 -1.88175E-03  3.97001E-03 -1.33513E-03  6.09046E-06 -1.04863E-04  0.00000E+00 -7.12311E-03  1.43506E-02 -5.74085E-02  1.04337E-01  2.77349E-02 -6.06496E-02  2.69066E-02 -5.88745E-02  1.59907E-01 -6.61670E-02  1.11109E-01  3.02816E-02 -9.61776E-02  3.55219E-02 -9.18734E-02  4.37279E-02  1.55222E-03 -1.15201E-02  5.02940E-03 -2.74542E-02  1.02675E-02 -1.52843E-03  1.71087E-01 -4.05396E-01  2.14135E-01 -4.54524E-01  2.67003E-01  5.84264E-02  4.31214E-02  3.58662E-02 -1.00100E-01  5.16287E-02 -1.15683E-01  6.52308E-02  9.92635E-03  3.35763E-01  5.42425E-02
 OMEGA(8,1)    1.45523E-03 -1.15564E-02 -5.91513E-03  3.40150E-04  2.17252E-03  5.21442E-03  3.63570E-03  8.06407E-04 -2.39284E-03  0.00000E+00  5.51394E-03  5.42923E-01  2.18474E-01 -7.45930E-02  3.67880E-01  1.30105E-02  8.60792E-02  2.40634E-01  5.44886E-03  6.92972E-02  3.13398E-02  1.34251E-01  3.75676E-02  6.40066E-02  4.75691E-02  1.87574E-02 -2.32914E-01  2.53165E-02 -6.44842E-02 -3.12047E-02 -3.52486E-02  1.77133E-02  2.74083E-01 -7.69418E-03  9.47439E-02  5.37723E-02  3.93486E-02 -5.12700E-02  3.58662E-02  3.32191E-02 -5.21791E-02  3.08916E-01  1.88259E-01  1.73834E-01 -1.47510E-01  2.05621E-01  5.41591E-01
 OMEGA(8,2)   -5.88556E-03  1.92774E-02  2.26267E-02  4.75673E-03  4.35159E-03 -1.15199E-03 -1.50867E-03  1.11389E-02 -1.84499E-03  0.00000E+00  1.04480E-02 -1.19221E-01  2.95085E-01  4.35052E-01 -7.49602E-02  2.32636E-01 -2.49163E-02  6.23641E-02  2.38183E-01  8.33754E-02  8.21556E-02  3.61516E-02  1.49342E-01  3.67130E-02  4.63370E-02 -3.85569E-03  4.52165E-02 -2.46320E-01  2.67255E-02 -5.17699E-02 -3.32078E-02  1.70390E-02 -1.61446E-01  1.28553E-01 -1.17096E-01  1.82001E-04 -4.32269E-03  6.95150E-02 -1.00100E-01 -5.21791E-02  3.04634E-02  5.50073E-02  3.23559E-01  1.38677E-01 -8.25522E-02 -2.05550E-01  4.73092E-01
 OMEGA(8,3)   -1.24843E-02 -6.29001E-04  2.20954E-02  1.48720E-03  1.35873E-02  9.56652E-03 -2.26021E-03  1.46074E-02 -1.32042E-02  0.00000E+00 -2.21425E-02  1.14673E-01  3.53027E-02 -5.22638E-04  4.84771E-01  3.19992E-01  4.75249E-01  6.12433E-02  1.97783E-02  2.38562E-01  1.95225E-02  2.57885E-02  3.74510E-03  7.43567E-02  9.46608E-03  2.30905E-03 -3.33551E-03  5.26376E-02 -1.92325E-01  2.59057E-02  4.81051E-03 -3.94814E-02  1.26730E-01  1.06148E-02  2.07576E-01  1.43393E-02 -3.86436E-03 -1.55162E-02  5.16287E-02  3.08916E-01  5.50073E-02  2.22033E-02  1.05722E-01  3.71050E-02  3.12856E-02  2.05077E-01  4.34552E-01
 OMEGA(8,4)   -5.59456E-03  3.04984E-02  2.15368E-02  2.78959E-03  1.33820E-02  1.42153E-02  1.96339E-03  9.46589E-03 -1.24940E-02  0.00000E+00  9.89490E-03  6.21173E-02  1.48617E-01  1.05197E-01  6.77817E-02  1.00426E-01  4.12335E-02  4.33687E-01  3.61548E-01  3.26531E-01  2.84729E-01 -3.73843E-02 -2.61364E-02 -5.09645E-02  5.22941E-02 -2.12680E-02  2.36401E-02 -1.47905E-02  2.65738E-02 -1.88136E-01  3.77415E-02 -2.94702E-02 -1.00081E-01 -3.42991E-02 -1.22055E-01  1.50682E-01 -7.04038E-02  8.92058E-02 -1.15683E-01  1.88259E-01  3.23559E-01  1.05722E-01  3.10817E-02 -1.21588E-01  5.04278E-02 -2.71542E-01  3.00716E-01
 OMEGA(8,5)   -1.93613E-04 -7.30472E-03  2.19011E-03  3.07950E-03  9.04954E-03  1.40050E-02  3.31603E-03  4.94920E-03  1.75313E-03  0.00000E+00 -4.88797E-03  8.61815E-02  9.19339E-02  5.44443E-02  5.38416E-02  4.94533E-02  1.50995E-02 -2.61460E-02 -1.39656E-02 -4.01781E-02 -4.12496E-02  4.22093E-01  3.73325E-01  3.19112E-01  1.97569E-01  1.22997E-01 -1.74426E-01 -1.35202E-01 -1.14453E-01 -3.70969E-02 -2.41457E-01  9.20861E-02  1.18328E-01  7.29667E-02  5.26940E-02  1.91141E-03  2.51788E-01 -1.38573E-01  6.52308E-02  1.73834E-01  1.38677E-01  3.71050E-02 -1.21588E-01  2.52157E-02 -3.57512E-01  2.03050E-01  1.27120E-01
 OMEGA(8,6)    1.33629E-03 -1.34942E-02  8.07080E-03  8.20744E-03  1.43138E-02  1.26714E-02  1.37414E-02  1.10759E-02  7.43408E-03  0.00000E+00 -7.32163E-04 -4.29671E-02 -3.17892E-02 -2.26191E-02  2.07214E-02  4.80893E-02  2.76533E-02  2.85467E-02  3.79638E-02  4.76031E-02  3.23046E-02 -1.45343E-01 -1.18510E-01 -1.02401E-01 -5.43020E-02 -3.49680E-02  4.18019E-01  3.56842E-01  2.89853E-01  1.89302E-01  1.41394E-01 -3.10055E-01  2.01971E-03  1.66188E-02  3.75784E-02  2.94821E-02 -9.12966E-02  2.08527E-01  9.92635E-03 -1.47510E-01 -8.25522E-02  3.12856E-02  5.04278E-02 -3.57512E-01  3.01313E-02 -6.07153E-03 -3.01011E-01
 OMEGA(8,7)    2.42319E-03 -4.13301E-02 -1.07601E-02 -3.15130E-03  3.12278E-03  1.14969E-02  4.92836E-03 -1.99742E-03  3.07432E-03  0.00000E+00 -5.56902E-03  7.20856E-02 -8.39691E-02 -1.26719E-01  9.39402E-02 -3.71541E-02  6.13722E-02 -1.08977E-01 -1.45276E-01 -8.09608E-02 -9.75878E-02  8.03511E-02  3.52717E-02  7.32032E-02  1.36066E-02  2.73003E-02 -1.22984E-02  9.65034E-02 -3.22988E-02  8.02220E-02 -3.78502E-02 -2.11438E-02  4.28544E-01  2.12054E-01  3.48022E-01  1.20132E-01  1.20966E-01 -2.17707E-01  3.35763E-01  2.05621E-01 -2.05550E-01  2.05077E-01 -2.71542E-01  2.03050E-01 -6.07153E-03  2.93128E-02  3.34293E-01
 OMEGA(8,8)   -7.10949E-03  6.67872E-03  1.71913E-02  4.29188E-03  1.69011E-02  1.26074E-02  5.76247E-03  1.38112E-02 -3.16154E-03  0.00000E+00 -6.71413E-03  1.69979E-01  1.91151E-01  1.00840E-01  1.88798E-01  1.75073E-01  1.03840E-01  1.23594E-01  1.06484E-01  9.89562E-02  4.59739E-02  5.35666E-02  4.58585E-02  4.21219E-02  3.23195E-02  7.58549E-03 -1.22329E-01 -9.95125E-02 -1.08818E-01 -6.31119E-02 -2.69362E-02  4.39969E-02  1.49516E-01  1.02561E-01  9.92940E-02  7.04148E-02  1.70243E-02 -8.55628E-02  5.42425E-02  5.41591E-01  4.73092E-01  4.34552E-01  3.00716E-01  1.27120E-01 -3.01011E-01  3.34293E-01  3.79616E-02
