TABLE NO.     1: First Order Conditional Estimation with Interaction (No Prior): Problem=1 Subproblem=0 Superproblem1=0 Iteration1=0 Superproblem2=0 Iteration2=0
 NAME         THETA1       THETA2       THETA3       THETA4       THETA5       THETA6       THETA7       THETA8       SIGMA(1,1)   SIGMA(2,1)   SIGMA(2,2)   OMEGA(1,1)   OMEGA(2,1)   OMEGA(2,2)   OMEGA(3,1)   OMEGA(3,2)   OMEGA(3,3)   OMEGA(4,1)   OMEGA(4,2)   OMEGA(4,3)   OMEGA(4,4)   OMEGA(5,1)   OMEGA(5,2)   OMEGA(5,3)   OMEGA(5,4)   OMEGA(5,5)   OMEGA(6,1)   OMEGA(6,2)   OMEGA(6,3)   OMEGA(6,4)   OMEGA(6,5)   OMEGA(6,6)   OMEGA(7,1)   OMEGA(7,2)   OMEGA(7,3)   OMEGA(7,4)   OMEGA(7,5)   OMEGA(7,6)   OMEGA(7,7)   OMEGA(8,1)   OMEGA(8,2)   OMEGA(8,3)   OMEGA(8,4)   OMEGA(8,5)   OMEGA(8,6)   OMEGA(8,7)   OMEGA(8,8)
 THETA1        4.96587E-03 -9.82210E-04  7.33047E-04  5.54189E-04  6.13129E-04 -3.55412E-04  5.71784E-04  1.79306E-03 -1.43205E-09  0.00000E+00  1.34195E-06  1.29861E-05 -9.44495E-06  6.12295E-06 -9.95118E-06 -2.51607E-05  5.88846E-06  7.50011E-06 -7.95042E-06 -5.02175E-05 -3.53012E-05 -3.94463E-06  4.09669E-06  1.48366E-05 -2.98573E-06  4.54569E-06  7.68104E-06 -8.60768E-06 -1.88000E-06  9.63181E-06 -2.51804E-08  4.42622E-06 -3.34236E-06 -1.98450E-06  2.37367E-05  1.10112E-05  4.83295E-06  6.35742E-06 -2.26702E-06  3.40657E-06 -1.26346E-05 -1.95334E-05 -1.22537E-05 -3.44035E-07  2.83738E-06  5.00543E-06 -1.90187E-05
 THETA2       -9.82210E-04  5.28012E-03 -2.62033E-04  1.22514E-03  4.28698E-04 -1.14680E-04 -1.42134E-03  1.32002E-03 -4.63785E-08  0.00000E+00 -5.69291E-07 -2.70349E-05  2.58058E-04 -8.86577E-04  1.73426E-05  1.99326E-04  7.18548E-06  6.74645E-07 -4.47704E-04  6.34029E-05  2.07466E-05 -1.29670E-05  2.25335E-05 -4.50030E-05  8.74889E-06 -4.85708E-06 -2.35780E-05  9.45611E-05 -1.48595E-06  1.13925E-05 -1.87638E-05  1.35767E-05 -3.55399E-05  6.17402E-04 -4.77049E-05  3.32450E-05 -3.43849E-05 -7.50954E-05 -1.33804E-04 -2.78953E-05  4.26724E-05 -1.01482E-06  6.88817E-05 -1.33843E-05 -2.95451E-05 -8.80330E-05  1.84230E-05
 THETA3        7.33047E-04 -2.62033E-04  2.47946E-03  1.99272E-04  2.03874E-05  3.25216E-04  5.05423E-04  9.68915E-04  4.73639E-07  0.00000E+00 -2.41583E-06 -2.65261E-05  5.35429E-06  6.76613E-05  3.42178E-05  6.75306E-05 -1.22448E-04 -2.99322E-05  1.04150E-04  2.36641E-04  2.91085E-04  1.31197E-05 -8.33369E-06 -5.46821E-05  4.56025E-06 -1.36364E-05 -5.77841E-06  2.02178E-05  2.22049E-05 -2.52368E-05  5.58453E-06  3.08180E-06  1.27697E-05 -5.44058E-05 -1.04607E-04 -7.31561E-05 -1.55440E-05 -8.50214E-06  1.27522E-05 -9.78432E-06  3.43224E-05  2.44285E-05  3.33323E-05  2.74990E-06  1.21091E-05 -1.57055E-05  3.24961E-05
 THETA4        5.54189E-04  1.22514E-03  1.99272E-04  4.97073E-03 -5.86702E-04  4.29391E-04 -1.54753E-03  9.28644E-04 -2.77232E-07  0.00000E+00 -6.71650E-07 -7.83728E-06 -4.51382E-06  3.50306E-05  2.11997E-05  3.23904E-05 -7.07853E-05  2.18210E-06  4.68819E-05  1.13184E-04  2.45744E-04  7.16460E-06  1.11349E-06 -2.17032E-05 -5.54441E-06 -1.21268E-06  8.85923E-07  1.58149E-05  1.04062E-05  1.64036E-05  5.15982E-06  2.07803E-06  7.76589E-06 -2.83372E-05 -6.51504E-05 -5.69557E-05 -3.76011E-06  6.31782E-06  4.88188E-06  7.96651E-07  1.02164E-05  2.32807E-06  6.11302E-06  5.47472E-06  1.74355E-05 -6.51264E-06  1.14869E-05
 THETA5        6.13129E-04  4.28698E-04  2.03874E-05 -5.86702E-04  3.31842E-03 -1.34010E-03  7.13049E-04  3.00800E-04  2.47580E-07  0.00000E+00 -4.18775E-07  6.00713E-06 -2.94652E-05  4.45983E-05 -1.20814E-06 -6.70074E-06 -7.44109E-06 -4.45687E-07  3.73539E-05  2.88083E-05  3.02563E-05  3.32974E-05  1.10522E-05  5.91912E-06  2.25478E-05 -4.05552E-05  4.90050E-05 -6.55151E-06  6.22387E-06  3.16519E-05 -6.63256E-06  7.45567E-05  1.69135E-05 -3.64223E-05 -1.44090E-05  5.49890E-06 -1.71994E-05 -8.67090E-06 -4.67436E-06  4.15737E-06  7.63646E-06  1.73786E-05  2.39602E-05  1.31451E-05  2.48450E-05  5.27308E-06  3.69595E-05
 THETA6       -3.55412E-04 -1.14680E-04  3.25216E-04  4.29391E-04 -1.34010E-03  4.67254E-03  2.26352E-04 -9.35804E-04 -2.10371E-07  0.00000E+00 -1.38899E-07  1.17971E-05 -2.90388E-05  5.45277E-05 -2.73704E-06 -1.87443E-05  2.73289E-05  8.73105E-06  3.80763E-05 -2.20478E-05  2.41432E-05  4.12098E-05  9.63088E-06  2.40227E-05  3.68020E-05 -5.71919E-05  2.50009E-05  2.09294E-05 -1.23293E-05  1.12856E-04 -4.52871E-05  1.88590E-05  1.81781E-05 -5.30313E-05  5.91361E-06  2.54003E-05 -1.90825E-05 -8.17127E-05  1.17020E-05  1.18405E-05 -2.39884E-06  1.45194E-05  3.02022E-05  2.41396E-05  2.60987E-05  2.30364E-05  3.27151E-05
 THETA7        5.71784E-04 -1.42134E-03  5.05423E-04 -1.54753E-03  7.13049E-04  2.26352E-04  4.30680E-03  1.00087E-03  2.30636E-07  0.00000E+00  2.48808E-08  5.90714E-06 -3.50362E-05  8.51898E-05 -5.08507E-06 -3.00295E-05 -9.89715E-06  1.33434E-06  5.18948E-05 -8.44907E-06 -1.62658E-06  7.20869E-06  1.86548E-05  8.79603E-06  1.15793E-05 -1.35633E-05  1.38093E-05 -9.87315E-06  2.30678E-06  1.58786E-05  1.07435E-06  3.85864E-06  6.87772E-06 -6.23509E-05  7.74063E-06  7.12712E-06 -1.13876E-05  1.35790E-05 -3.77829E-06  7.92600E-06 -3.01612E-06 -3.29339E-06  4.00487E-06  5.48741E-06  2.71723E-05  9.48062E-06  1.43559E-05
 THETA8        1.79306E-03  1.32002E-03  9.68915E-04  9.28644E-04  3.00800E-04 -9.35804E-04  1.00087E-03  3.78642E-03  1.21562E-07  0.00000E+00  1.45129E-07 -9.01173E-06 -3.59114E-05  1.35556E-04  5.93157E-06 -1.23964E-05 -7.84251E-06 -3.52528E-06  8.51957E-05  3.21747E-05  2.68540E-05  1.02557E-05  1.26961E-05 -2.90260E-06  1.46697E-05 -1.40396E-05  5.11203E-06 -4.91075E-06  3.51396E-06  1.18081E-05  1.47058E-06 -3.29572E-06  8.11425E-06 -8.89160E-05 -8.58598E-06 -4.00161E-06 -1.37994E-05  7.45008E-06  1.61606E-08  1.64838E-06  2.08802E-05  1.99575E-05  1.81043E-05  7.67930E-06  2.05357E-05 -3.60280E-06  3.22619E-05
 SIGMA(1,1)   -1.43205E-09 -4.63785E-08  4.73639E-07 -2.77232E-07  2.47580E-07 -2.10371E-07  2.30636E-07  1.21562E-07  4.10990E-07  0.00000E+00 -2.28768E-08  1.44012E-07  4.84852E-07 -1.14585E-06 -1.42877E-07 -4.85954E-07 -8.22438E-07  2.76881E-08  9.19812E-08 -3.56589E-07 -7.85048E-07 -1.68656E-07  9.48750E-08 -1.55866E-08  3.50666E-08 -8.56039E-08  3.04061E-07  7.88738E-08 -2.67815E-08  7.73701E-08  5.45227E-08  4.48001E-07 -2.05326E-07  1.80366E-07  3.16278E-08 -5.05587E-08  8.61717E-08  1.74274E-07 -2.89889E-09 -5.09585E-08 -3.60320E-08 -1.87951E-07 -2.48955E-07  2.83401E-08  1.43602E-07  5.77725E-08 -7.69412E-08
 SIGMA(2,1)    0.00000E+00  0.00000E+00  0.00000E+00  0.00000E+00  0.00000E+00  0.00000E+00  0.00000E+00  0.00000E+00  0.00000E+00  0.00000E+00  0.00000E+00  0.00000E+00  0.00000E+00  0.00000E+00  0.00000E+00  0.00000E+00  0.00000E+00  0.00000E+00  0.00000E+00  0.00000E+00  0.00000E+00  0.00000E+00  0.00000E+00  0.00000E+00  0.00000E+00  0.00000E+00  0.00000E+00  0.00000E+00  0.00000E+00  0.00000E+00  0.00000E+00  0.00000E+00  0.00000E+00  0.00000E+00  0.00000E+00  0.00000E+00  0.00000E+00  0.00000E+00  0.00000E+00  0.00000E+00  0.00000E+00  0.00000E+00  0.00000E+00  0.00000E+00  0.00000E+00  0.00000E+00  0.00000E+00
 SIGMA(2,2)    1.34195E-06 -5.69291E-07 -2.41583E-06 -6.71650E-07 -4.18775E-07 -1.38899E-07  2.48808E-08  1.45129E-07 -2.28768E-08  0.00000E+00  1.49869E-06 -3.25936E-07 -1.44094E-07 -1.51405E-07  3.61917E-07 -2.11766E-07 -4.24802E-07  3.14057E-07 -9.19687E-07 -6.70421E-07 -3.94606E-07 -1.77322E-09  7.19991E-07 -1.25513E-07  1.06110E-07 -3.68546E-07 -7.50442E-07 -5.54805E-07  8.39261E-07  1.34540E-07 -5.97434E-07 -3.24407E-06 -6.86757E-08  6.61786E-07  3.46181E-07  5.41092E-07 -3.69987E-07 -7.62402E-08 -3.76027E-07  2.24236E-07  3.89644E-07 -6.01867E-07  3.76506E-07 -1.50889E-07 -2.70073E-08 -1.99844E-07 -3.12026E-07
 OMEGA(1,1)    1.29861E-05 -2.70349E-05 -2.65261E-05 -7.83728E-06  6.00713E-06  1.17971E-05  5.90714E-06 -9.01173E-06  1.44012E-07  0.00000E+00 -3.25936E-07  2.46413E-03 -4.75270E-04  8.77751E-05  3.74753E-04 -9.31408E-05  4.66085E-05  2.86889E-04 -6.32920E-05  2.21382E-05  2.19952E-05  3.08106E-04 -6.42232E-05  4.58660E-05  3.14628E-05  3.54453E-05 -1.75986E-04  3.76209E-05 -3.32560E-05 -2.42203E-05 -2.02756E-05  2.28283E-05  2.82723E-04 -5.52794E-05  5.57787E-05  3.94897E-05  3.92829E-05 -1.81815E-05  3.07181E-05  8.95277E-04 -1.80286E-04  1.26389E-04  9.58404E-05  1.07874E-04 -6.42666E-05  1.04891E-04  3.20310E-04
 OMEGA(2,1)   -9.44495E-06  2.58058E-04  5.35429E-06 -4.51382E-06 -2.94652E-05 -2.90388E-05 -3.50362E-05 -3.59114E-05  4.84852E-07  0.00000E+00 -1.44094E-07 -4.75270E-04  1.21551E-03 -6.22768E-04 -1.08381E-04  1.92757E-04 -2.71397E-05  2.75445E-04 -5.57538E-05  5.25517E-05  7.00795E-05  7.73989E-05  1.12488E-04  2.94890E-06  4.33846E-05  2.34730E-05 -1.15989E-06 -5.72845E-05  7.04165E-06 -2.68257E-05 -1.14105E-05  4.49415E-06 -3.71256E-04  2.93933E-04 -6.47924E-05  6.59035E-07 -2.93314E-05  2.34010E-05 -8.63075E-05  2.53028E-04  3.13404E-04  2.73278E-05  1.61048E-04  8.08215E-05 -3.33946E-05 -8.58135E-05  2.52989E-04
 OMEGA(2,2)    6.12295E-06 -8.86577E-04  6.76613E-05  3.50306E-05  4.45983E-05  5.45277E-05  8.51898E-05  1.35556E-04 -1.14585E-06  0.00000E+00 -1.51405E-07  8.77751E-05 -6.22768E-04  2.48942E-03  4.27717E-05 -2.11365E-04  2.79214E-05 -1.25021E-04  7.98439E-04 -7.67106E-06  1.85612E-04 -3.57559E-05  1.81933E-04  1.07938E-06  5.85718E-05  4.53303E-05  8.15131E-07 -5.08083E-05 -4.52812E-06 -2.48172E-05  1.82099E-06 -3.28947E-05  1.53825E-04 -8.79507E-04  2.65207E-05 -1.97840E-04 -4.63979E-05  1.56434E-06  2.24481E-04 -1.23633E-04  6.61253E-04 -5.78985E-07  1.63138E-04  6.84972E-05 -3.40050E-05 -1.85330E-04  1.90997E-04
 OMEGA(3,1)   -9.95118E-06  1.73426E-05  3.42178E-05  2.11997E-05 -1.20814E-06 -2.73704E-06 -5.08507E-06  5.93157E-06 -1.42877E-07  0.00000E+00  3.61917E-07  3.74753E-04 -1.08381E-04  4.27717E-05  6.03828E-04 -8.01283E-05  2.08833E-04  4.12153E-05  1.62113E-05  1.09890E-04  3.84687E-05  2.50387E-05 -2.09881E-06  6.87410E-05  9.08957E-06  2.64514E-06  6.91481E-05 -1.01508E-05 -1.16127E-05  2.20691E-05  1.02114E-05 -2.84363E-05  1.51452E-04 -3.46083E-05  5.80040E-05  3.38380E-06  9.80613E-06 -1.58591E-06  2.93884E-05  3.00297E-04 -5.61132E-05  2.64491E-04  5.17695E-05  3.33616E-05  1.53424E-05  6.76651E-05  1.76116E-04
 OMEGA(3,2)   -2.51607E-05  1.99326E-04  6.75306E-05  3.23904E-05 -6.70074E-06 -1.87443E-05 -3.00295E-05 -1.23964E-05 -4.85954E-07  0.00000E+00 -2.11766E-07 -9.31408E-05  1.92757E-04 -2.11365E-04 -8.01283E-05  5.37557E-04 -4.13887E-05  5.60265E-05 -1.55802E-05  1.64203E-04  3.76738E-05  2.25123E-05  2.33344E-07  6.35273E-05  2.53064E-06 -3.29581E-06 -2.77399E-05  9.52643E-05  2.00122E-06  2.26147E-05  1.78150E-06 -1.32389E-05 -7.40655E-05  1.64937E-04 -1.65015E-04  1.84759E-05  1.32931E-05 -2.48533E-05 -6.06365E-05  1.00206E-05  1.64311E-04  1.64728E-04  7.23705E-05  2.89121E-05  3.35953E-05 -2.52509E-05  1.54090E-04
 OMEGA(3,3)    5.88846E-06  7.18548E-06 -1.22448E-04 -7.07853E-05 -7.44109E-06  2.73289E-05 -9.89715E-06 -7.84251E-06 -8.22438E-07  0.00000E+00 -4.24802E-07  4.66085E-05 -2.71397E-05  2.79214E-05  2.08833E-04 -4.13887E-05  6.06711E-04  2.43156E-05  4.81348E-06  1.02482E-06 -5.09913E-05  2.12645E-06  3.70722E-06  1.21536E-05  6.29894E-07  7.86503E-06  2.07666E-05 -9.95630E-06  6.09440E-05  1.01172E-05 -3.48068E-06  1.43254E-06  4.54324E-05 -1.90911E-05  1.01987E-04 -8.28316E-07 -2.78775E-06  1.81068E-05  2.85787E-05  7.04331E-05 -1.86961E-05  2.59914E-04  3.15679E-05  9.37832E-06  2.05237E-05  4.43118E-05  9.70956E-05
 OMEGA(4,1)    7.50011E-06  6.74645E-07 -2.99322E-05  2.18210E-06 -4.45687E-07  8.73105E-06  1.33434E-06 -3.52528E-06  2.76881E-08  0.00000E+00  3.14057E-07  2.86889E-04  2.75445E-04 -1.25021E-04  4.12153E-05  5.60265E-05  2.43156E-05  1.22512E-03 -1.87485E-04  1.94649E-04  2.93298E-04 -1.30573E-04  7.00427E-05 -1.85440E-05  1.36135E-04 -3.55174E-05  1.03894E-04 -3.64742E-05  2.63614E-05 -6.46947E-05  2.34136E-05 -2.36691E-05 -3.63761E-04  1.12407E-04 -6.47512E-05  9.04646E-05 -6.58932E-05  3.81159E-05 -8.88607E-05  2.79792E-04  6.64970E-05  4.75954E-05  4.71813E-04 -2.30763E-05  3.01067E-05 -1.11810E-04  1.64222E-04
 OMEGA(4,2)   -7.95042E-06 -4.47704E-04  1.04150E-04  4.68819E-05  3.73539E-05  3.80763E-05  5.18948E-05  8.51957E-05  9.19812E-08  0.00000E+00 -9.19687E-07 -6.32920E-05 -5.57538E-05  7.98439E-04  1.62113E-05 -1.55802E-05  4.81348E-06 -1.87485E-04  1.27886E-03 -2.28971E-05  6.32942E-04  4.70217E-05 -1.09344E-04  2.42007E-05  8.55630E-05 -2.73779E-05 -1.74747E-05  5.63924E-05 -4.73951E-06  1.40891E-05  1.38841E-05 -2.01341E-06  5.04477E-05 -6.11276E-04  2.03570E-06 -4.37969E-04  1.13913E-05 -1.45167E-05  2.46588E-04  6.47300E-06  2.59478E-04  1.57042E-05  4.01868E-04 -1.25934E-05  4.09072E-05 -1.52287E-04  1.44558E-04
 OMEGA(4,3)   -5.02175E-05  6.34029E-05  2.36641E-04  1.13184E-04  2.88083E-05 -2.20478E-05 -8.44907E-06  3.21747E-05 -3.56589E-07  0.00000E+00 -6.70421E-07  2.21382E-05  5.25517E-05 -7.67106E-06  1.09890E-04  1.64203E-04  1.02482E-06  1.94649E-04 -2.28971E-05  6.59402E-04  1.49491E-04 -1.07376E-05  4.14026E-06 -9.31382E-05 -7.46229E-06 -5.59508E-06  3.21824E-05  2.08884E-05  6.10326E-05  8.42274E-05 -4.84767E-06  2.24408E-05 -4.28993E-05  4.25714E-05 -2.07799E-04  9.30191E-05 -2.15808E-05 -2.32011E-05 -7.32672E-05  5.91124E-05  6.52215E-05  1.36017E-04  2.60618E-04 -2.60157E-05  3.68322E-05 -6.09406E-05  9.64635E-05
 OMEGA(4,4)   -3.53012E-05  2.07466E-05  2.91085E-04  2.45744E-04  3.02563E-05  2.41432E-05 -1.62658E-06  2.68540E-05 -7.85048E-07  0.00000E+00 -3.94606E-07  2.19952E-05  7.00795E-05  1.85612E-04  3.84687E-05  3.76738E-05 -5.09913E-05  2.93298E-04  6.32942E-04  1.49491E-04  2.60999E-03 -2.46004E-05 -6.98909E-05 -3.38769E-05 -3.04099E-04  2.83213E-05  2.81095E-05  5.93755E-05  2.28577E-05  2.46073E-04 -2.51713E-05  1.00099E-05 -8.33524E-05 -2.09273E-04 -4.71206E-05 -7.77764E-04  8.40854E-05 -8.02285E-05  2.44771E-04  5.31868E-05  1.27860E-04  2.21448E-05  4.52123E-04 -5.31388E-05  4.97281E-05 -1.46141E-04  8.91611E-05
 OMEGA(5,1)   -3.94463E-06 -1.29670E-05  1.31197E-05  7.16460E-06  3.32974E-05  4.12098E-05  7.20869E-06  1.02557E-05 -1.68656E-07  0.00000E+00 -1.77322E-09  3.08106E-04  7.73989E-05 -3.57559E-05  2.50387E-05  2.25123E-05  2.12645E-06 -1.30573E-04  4.70217E-05 -1.07376E-05 -2.46004E-05  8.42716E-04 -1.41937E-04  1.24439E-04  8.15108E-05  1.99757E-04 -3.40893E-04  6.19687E-05 -5.54602E-05 -1.97838E-05 -9.95242E-05  6.34058E-05  1.99299E-04 -2.56490E-05  1.86925E-05  5.26728E-06  1.14361E-04 -5.18081E-05  3.79064E-05  1.29463E-04  3.19702E-05  1.66220E-05 -3.37314E-05  3.08973E-04 -1.27131E-04  6.83737E-05  5.90309E-05
 OMEGA(5,2)    4.09669E-06  2.25335E-05 -8.33369E-06  1.11349E-06  1.10522E-05  9.63088E-06  1.86548E-05  1.26961E-05  9.48750E-08  0.00000E+00  7.19991E-07 -6.42232E-05  1.12488E-04  1.81933E-04 -2.09881E-06  2.33344E-07  3.70722E-06  7.00427E-05 -1.09344E-04  4.14026E-06 -6.98909E-05 -1.41937E-04  7.10857E-04 -3.79799E-05  1.99617E-04  1.60520E-04  6.34482E-05 -2.87758E-04  1.63683E-05 -7.24641E-05 -3.80835E-05 -1.30354E-05 -7.66521E-05  1.57379E-04 -2.77976E-06  8.93896E-05 -2.05725E-04  8.40138E-05 -1.10575E-04  3.32730E-05  1.21297E-04  2.21703E-06 -2.16592E-05  2.50986E-04 -9.52059E-05  2.75660E-05  4.64147E-05
 OMEGA(5,3)    1.48366E-05 -4.50030E-05 -5.46821E-05 -2.17032E-05  5.91912E-06  2.40227E-05  8.79603E-06 -2.90260E-06 -1.55866E-08  0.00000E+00 -1.25513E-07  4.58660E-05  2.94890E-06  1.07938E-06  6.87410E-05  6.35273E-05  1.21536E-05 -1.85440E-05  2.42007E-05 -9.31382E-05 -3.38769E-05  1.24439E-04 -3.79799E-05  3.91925E-04  2.48706E-05  9.95435E-06 -4.35920E-05  2.93610E-05 -1.63383E-04 -2.17356E-05  5.80753E-05 -5.88639E-05  4.21393E-05  1.51649E-06  8.30457E-05 -9.11905E-06  8.37149E-05 -2.59518E-05  3.03243E-05  4.20935E-05  2.21411E-05  3.26843E-05 -3.13599E-05  1.59300E-04 -6.10833E-05  4.24804E-05  3.16559E-05
 OMEGA(5,4)   -2.98573E-06  8.74889E-06  4.56025E-06 -5.54441E-06  2.25478E-05  3.68020E-05  1.15793E-05  1.46697E-05  3.50666E-08  0.00000E+00  1.06110E-07  3.14628E-05  4.33846E-05  5.85718E-05  9.08957E-06  2.53064E-06  6.29894E-07  1.36135E-04  8.55630E-05 -7.46229E-06 -3.04099E-04  8.15108E-05  1.99617E-04  2.48706E-05  8.35486E-04 -2.02320E-04 -1.90395E-05 -6.50781E-05 -5.86566E-06 -3.39991E-04  1.10963E-04 -4.72370E-05 -2.16057E-05  1.33622E-05  5.25694E-06  2.21223E-04 -2.84035E-04  1.10034E-04 -1.14512E-04  4.56755E-05  4.08014E-05  6.07515E-06  4.69815E-05  1.43999E-04 -4.72937E-05  1.15286E-05  3.54633E-05
 OMEGA(5,5)    4.54569E-06 -4.85708E-06 -1.36364E-05 -1.21268E-06 -4.05552E-05 -5.71919E-05 -1.35633E-05 -1.40396E-05 -8.56039E-08  0.00000E+00 -3.68546E-07  3.54453E-05  2.34730E-05  4.53303E-05  2.64514E-06 -3.29581E-06  7.86503E-06 -3.55174E-05 -2.73779E-05 -5.59508E-06  2.83213E-05  1.99757E-04  1.60520E-04  9.95435E-06 -2.02320E-04  1.09566E-03 -8.56195E-05 -7.19313E-05  3.36937E-07  7.51879E-05 -4.51037E-04  1.41245E-04  4.48257E-05  1.24573E-05  8.75093E-07 -4.72502E-05  2.45517E-04 -7.58112E-05  6.24153E-05  2.06252E-05 -3.88793E-06  1.69703E-06 -2.18812E-05  1.02661E-04 -3.48760E-05  2.64888E-05  9.53162E-06
 OMEGA(6,1)    7.68104E-06 -2.35780E-05 -5.77841E-06  8.85923E-07  4.90050E-05  2.50009E-05  1.38093E-05  5.11203E-06  3.04061E-07  0.00000E+00 -7.50442E-07 -1.75986E-04 -1.15989E-06  8.15131E-07  6.91481E-05 -2.77399E-05  2.07666E-05  1.03894E-04 -1.74747E-05  3.21824E-05  2.81095E-05 -3.40893E-04  6.34482E-05 -4.35920E-05 -1.90395E-05 -8.56195E-05  1.15778E-03 -2.16994E-04  1.63599E-04  1.24506E-04  1.79685E-04 -1.21621E-04  4.46289E-05 -8.15449E-06  2.06446E-05  2.17183E-05 -3.19698E-05  1.33285E-04  2.27751E-06 -2.63267E-04  4.68693E-05 -2.51995E-06  2.50015E-05 -1.49657E-04  4.28575E-04 -1.22664E-05 -1.58011E-04
 OMEGA(6,2)   -8.60768E-06  9.45611E-05  2.02178E-05  1.58149E-05 -6.55151E-06  2.09294E-05 -9.87315E-06 -4.91075E-06  7.88738E-08  0.00000E+00 -5.54805E-07  3.76209E-05 -5.72845E-05 -5.08083E-05 -1.01508E-05  9.52643E-05 -9.95630E-06 -3.64742E-05  5.63924E-05  2.08884E-05  5.93755E-05  6.19687E-05 -2.87758E-04  2.93610E-05 -6.50781E-05 -7.19313E-05 -2.16994E-04  1.02377E-03 -5.20573E-05  2.72714E-04  1.06426E-04 -2.81556E-05  2.02278E-05  4.75451E-05 -2.95311E-05 -1.40318E-05  9.77740E-05 -3.15223E-04 -1.58947E-05  2.69088E-05 -2.40093E-04  3.73951E-05 -1.47092E-05 -1.09083E-04  3.44030E-04  9.05109E-05 -1.20872E-04
 OMEGA(6,3)   -1.88000E-06 -1.48595E-06  2.22049E-05  1.04062E-05  6.22387E-06 -1.23293E-05  2.30678E-06  3.51396E-06 -2.67815E-08  0.00000E+00  8.39261E-07 -3.32560E-05  7.04165E-06 -4.52812E-06 -1.16127E-05  2.00122E-06  6.09440E-05  2.63614E-05 -4.73951E-06  6.10326E-05  2.28577E-05 -5.54602E-05  1.63683E-05 -1.63383E-04 -5.86566E-06  3.36937E-07  1.63599E-04 -5.20573E-05  5.30151E-04  2.98025E-05 -2.62120E-05  1.58406E-04  1.93050E-06  1.74967E-06  1.66418E-05  5.66809E-06 -3.90781E-05  1.09643E-04  4.99355E-06 -4.93221E-05  1.87457E-05 -9.83226E-05  1.90177E-05 -6.64504E-05  2.01092E-04 -2.17993E-05 -9.51146E-05
 OMEGA(6,4)    9.63181E-06  1.13925E-05 -2.52368E-05  1.64036E-05  3.16519E-05  1.12856E-04  1.58786E-05  1.18081E-05  7.73701E-08  0.00000E+00  1.34540E-07 -2.42203E-05 -2.68257E-05 -2.48172E-05  2.20691E-05  2.26147E-05  1.01172E-05 -6.46947E-05  1.40891E-05  8.42274E-05  2.46073E-04 -1.97838E-05 -7.24641E-05 -2.17356E-05 -3.39991E-04  7.51879E-05  1.24506E-04  2.72714E-04  2.98025E-05  1.16515E-03 -1.78634E-04  1.98287E-04  4.22907E-05  2.37407E-05 -3.65075E-05  1.36237E-05  8.80390E-05 -3.46179E-04 -4.04104E-05 -3.53834E-05 -5.38328E-05  1.96338E-05 -1.99604E-04 -3.19302E-05  1.94699E-04  8.02680E-05 -8.17801E-05
 OMEGA(6,5)   -2.51804E-08 -1.87638E-05  5.58453E-06  5.15982E-06 -6.63256E-06 -4.52871E-05  1.07435E-06  1.47058E-06  5.45227E-08  0.00000E+00 -5.97434E-07 -2.02756E-05 -1.14105E-05  1.82099E-06  1.02114E-05  1.78150E-06 -3.48068E-06  2.34136E-05  1.38841E-05 -4.84767E-06 -2.51713E-05 -9.95242E-05 -3.80835E-05  5.80753E-05  1.10963E-04 -4.51037E-04  1.79685E-04  1.06426E-04 -2.62120E-05 -1.78634E-04  8.68917E-04 -6.44894E-04 -5.19817E-06 -2.44814E-06  8.50769E-06  5.17132E-06 -9.90652E-06  1.70657E-04  1.30512E-05 -3.45158E-05 -2.98199E-05  3.14845E-06  3.45791E-05 -1.79473E-04  1.25585E-04 -3.27050E-05 -3.01418E-05
 OMEGA(6,6)    4.42622E-06  1.35767E-05  3.08180E-06  2.07803E-06  7.45567E-05  1.88590E-05  3.85864E-06 -3.29572E-06  4.48001E-07  0.00000E+00 -3.24407E-06  2.28283E-05  4.49415E-06 -3.28947E-05 -2.84363E-05 -1.32389E-05  1.43254E-06 -2.36691E-05 -2.01341E-06  2.24408E-05  1.00099E-05  6.34058E-05 -1.30354E-05 -5.88639E-05 -4.72370E-05  1.41245E-04 -1.21621E-04 -2.81556E-05  1.58406E-04  1.98287E-04 -6.44894E-04  2.27691E-03 -7.53413E-06  1.53696E-05  6.46614E-06  1.19000E-05 -4.00046E-05  7.02510E-05 -3.14493E-06  2.80776E-05  2.47683E-05 -4.18295E-05 -4.37080E-05  1.10800E-04 -4.45790E-04 -2.95742E-05  7.96966E-05
 OMEGA(7,1)   -3.34236E-06 -3.55399E-05  1.27697E-05  7.76589E-06  1.69135E-05  1.81781E-05  6.87772E-06  8.11425E-06 -2.05326E-07  0.00000E+00 -6.86757E-08  2.82723E-04 -3.71256E-04  1.53825E-04  1.51452E-04 -7.40655E-05  4.54324E-05 -3.63761E-04  5.04477E-05 -4.28993E-05 -8.33524E-05  1.99299E-04 -7.66521E-05  4.21393E-05 -2.16057E-05  4.48257E-05  4.46289E-05  2.02278E-05  1.93050E-06  4.22907E-05 -5.19817E-06 -7.53413E-06  1.08488E-03 -2.54598E-04  1.79615E-04  8.14956E-05  1.52390E-04 -7.82516E-05  2.42997E-04  2.99889E-04 -1.61993E-04  9.26798E-05 -1.02458E-04  9.82768E-05  2.00446E-06  4.13754E-04  1.86948E-04
 OMEGA(7,2)   -1.98450E-06  6.17402E-04 -5.44058E-05 -2.83372E-05 -3.64223E-05 -5.30313E-05 -6.23509E-05 -8.89160E-05  1.80366E-07  0.00000E+00  6.61786E-07 -5.52794E-05  2.93933E-04 -8.79507E-04 -3.46083E-05  1.64937E-04 -1.90911E-05  1.12407E-04 -6.11276E-04  4.25714E-05 -2.09273E-04 -2.56490E-05  1.57379E-04  1.51649E-06  1.33622E-05  1.24573E-05 -8.15449E-06  4.75451E-05  1.74967E-06  2.37407E-05 -2.44814E-06  1.53696E-05 -2.54598E-04  1.26301E-03 -8.09553E-05  3.92142E-04  3.34521E-05 -2.22606E-05 -6.21263E-04 -9.08349E-06  1.39175E-04  8.37592E-06 -3.78870E-05  6.53882E-05  1.77959E-05  2.20905E-04  1.38366E-04
 OMEGA(7,3)    2.37367E-05 -4.77049E-05 -1.04607E-04 -6.51504E-05 -1.44090E-05  5.91361E-06  7.74063E-06 -8.58598E-06  3.16278E-08  0.00000E+00  3.46181E-07  5.57787E-05 -6.47924E-05  2.65207E-05  5.80040E-05 -1.65015E-04  1.01987E-04 -6.47512E-05  2.03570E-06 -2.07799E-04 -4.71206E-05  1.86925E-05 -2.77976E-06  8.30457E-05  5.25694E-06  8.75093E-07  2.06446E-05 -2.95311E-05  1.66418E-05 -3.65075E-05  8.50769E-06  6.46614E-06  1.79615E-04 -8.09553E-05  5.07154E-04 -1.22648E-05  1.23294E-05  7.61368E-05  2.07946E-04  7.08776E-05 -8.03320E-05  1.03792E-04 -8.54340E-05  2.99228E-05  2.54992E-05  2.29738E-04  8.48863E-05
 OMEGA(7,4)    1.10112E-05  3.32450E-05 -7.31561E-05 -5.69557E-05  5.49890E-06  2.54003E-05  7.12712E-06 -4.00161E-06 -5.05587E-08  0.00000E+00  5.41092E-07  3.94897E-05  6.59035E-07 -1.97840E-04  3.38380E-06  1.84759E-05 -8.28316E-07  9.04646E-05 -4.37969E-04  9.30191E-05 -7.77764E-04  5.26728E-06  8.93896E-05 -9.11905E-06  2.21223E-04 -4.72502E-05  2.17183E-05 -1.40318E-05  5.66809E-06  1.36237E-05  5.17132E-06  1.19000E-05  8.14956E-05  3.92142E-04 -1.22648E-05  1.17227E-03 -1.88630E-04  7.30558E-05 -6.71063E-04  6.11589E-05  1.89830E-07  1.09008E-05  1.60354E-04  1.65021E-06  3.04151E-05  1.20567E-04  9.15213E-05
 OMEGA(7,5)    4.83295E-06 -3.43849E-05 -1.55440E-05 -3.76011E-06 -1.71994E-05 -1.90825E-05 -1.13876E-05 -1.37994E-05  8.61717E-08  0.00000E+00 -3.69987E-07  3.92829E-05 -2.93314E-05 -4.63979E-05  9.80613E-06  1.32931E-05 -2.78775E-06 -6.58932E-05  1.13913E-05 -2.15808E-05  8.40854E-05  1.14361E-04 -2.05725E-04  8.37149E-05 -2.84035E-04  2.45517E-04 -3.19698E-05  9.77740E-05 -3.90781E-05  8.80390E-05 -9.90652E-06 -4.00046E-05  1.52390E-04  3.34521E-05  1.23294E-05 -1.88630E-04  7.42663E-04 -2.83058E-04  3.13766E-04  3.56216E-05 -3.58863E-06 -2.33824E-06 -5.96344E-05  1.73022E-04 -7.49667E-05  9.66307E-05  1.76121E-05
 OMEGA(7,6)    6.35742E-06 -7.50954E-05 -8.50214E-06  6.31782E-06 -8.67090E-06 -8.17127E-05  1.35790E-05  7.45008E-06  1.74274E-07  0.00000E+00 -7.62402E-08 -1.81815E-05  2.34010E-05  1.56434E-06 -1.58591E-06 -2.48533E-05  1.81068E-05  3.81159E-05 -1.45167E-05 -2.32011E-05 -8.02285E-05 -5.18081E-05  8.40138E-05 -2.59518E-05  1.10034E-04 -7.58112E-05  1.33285E-04 -3.15223E-04  1.09643E-04 -3.46179E-04  1.70657E-04  7.02510E-05 -7.82516E-05 -2.22606E-05  7.61368E-05  7.30558E-05 -2.83058E-04  1.00577E-03  7.99008E-05 -5.40132E-05  6.71591E-05 -1.09257E-05  8.79319E-05 -1.10815E-04  1.99264E-04 -2.02385E-04 -1.03010E-04
 OMEGA(7,7)   -2.26702E-06 -1.33804E-04  1.27522E-05  4.88188E-06 -4.67436E-06  1.17020E-05 -3.77829E-06  1.61606E-08 -2.89889E-09  0.00000E+00 -3.76027E-07  3.07181E-05 -8.63075E-05  2.24481E-04  2.93884E-05 -6.06365E-05  2.85787E-05 -8.88607E-05  2.46588E-04 -7.32672E-05  2.44771E-04  3.79064E-05 -1.10575E-04  3.03243E-05 -1.14512E-04  6.24153E-05  2.27751E-06 -1.58947E-05  4.99355E-06 -4.04104E-05  1.30512E-05 -3.14493E-06  2.42997E-04 -6.21263E-04  2.07946E-04 -6.71063E-04  3.13766E-04  7.99008E-05  1.85946E-03  5.13767E-05 -1.31493E-04  4.94313E-05 -1.55049E-04  7.09280E-05  1.28974E-05  4.24407E-04  8.87929E-05
 OMEGA(8,1)    3.40657E-06 -2.78953E-05 -9.78432E-06  7.96651E-07  4.15737E-06  1.18405E-05  7.92600E-06  1.64838E-06 -5.09585E-08  0.00000E+00  2.24236E-07  8.95277E-04  2.53028E-04 -1.23633E-04  3.00297E-04  1.00206E-05  7.04331E-05  2.79792E-04  6.47300E-06  5.91124E-05  5.31868E-05  1.29463E-04  3.32730E-05  4.20935E-05  4.56755E-05  2.06252E-05 -2.63267E-04  2.69088E-05 -4.93221E-05 -3.53834E-05 -3.45158E-05  2.80776E-05  2.99889E-04 -9.08349E-06  7.08776E-05  6.11589E-05  3.56216E-05 -5.40132E-05  5.13767E-05  1.10351E-03 -5.28035E-05  2.27848E-04  1.94379E-04  1.45611E-04 -1.47647E-04  2.00222E-04  6.82974E-04
 OMEGA(8,2)   -1.26346E-05  4.26724E-05  3.43224E-05  1.02164E-05  7.63646E-06 -2.39884E-06 -3.01612E-06  2.08802E-05 -3.60320E-08  0.00000E+00  3.89644E-07 -1.80286E-04  3.13404E-04  6.61253E-04 -5.61132E-05  1.64311E-04 -1.86961E-05  6.64970E-05  2.59478E-04  6.52215E-05  1.27860E-04  3.19702E-05  1.21297E-04  2.21411E-05  4.08014E-05 -3.88793E-06  4.68693E-05 -2.40093E-04  1.87457E-05 -5.38328E-05 -2.98199E-05  2.47683E-05 -1.61993E-04  1.39175E-04 -8.03320E-05  1.89830E-07 -3.58863E-06  6.71591E-05 -1.31493E-04 -5.28035E-05  9.28017E-04  3.72062E-05  3.06363E-04  1.06526E-04 -7.57748E-05 -1.83549E-04  5.47102E-04
 OMEGA(8,3)   -1.95334E-05 -1.01482E-06  2.44285E-05  2.32807E-06  1.73786E-05  1.45194E-05 -3.29339E-06  1.99575E-05 -1.87951E-07  0.00000E+00 -6.01867E-07  1.26389E-04  2.73278E-05 -5.78985E-07  2.64491E-04  1.64728E-04  2.59914E-04  4.75954E-05  1.57042E-05  1.36017E-04  2.21448E-05  1.66220E-05  2.21703E-06  3.26843E-05  6.07515E-06  1.69703E-06 -2.51995E-06  3.73951E-05 -9.83226E-05  1.96338E-05  3.14845E-06 -4.18295E-05  9.26798E-05  8.37592E-06  1.03792E-04  1.09008E-05 -2.33824E-06 -1.09257E-05  4.94313E-05  2.27848E-04  3.72062E-05  4.92985E-04  7.29603E-05  2.07740E-05  2.09305E-05  1.33472E-04  3.66272E-04
 OMEGA(8,4)   -1.22537E-05  6.88817E-05  3.33323E-05  6.11302E-06  2.39602E-05  3.02022E-05  4.00487E-06  1.81043E-05 -2.48955E-07  0.00000E+00  3.76506E-07  9.58404E-05  1.61048E-04  1.63138E-04  5.17695E-05  7.23705E-05  3.15679E-05  4.71813E-04  4.01868E-04  2.60618E-04  4.52123E-04 -3.37314E-05 -2.16592E-05 -3.13599E-05  4.69815E-05 -2.18812E-05  2.50015E-05 -1.47092E-05  1.90177E-05 -1.99604E-04  3.45791E-05 -4.37080E-05 -1.02458E-04 -3.78870E-05 -8.54340E-05  1.60354E-04 -5.96344E-05  8.79319E-05 -1.55049E-04  1.94379E-04  3.06363E-04  7.29603E-05  9.66073E-04 -9.52945E-05  4.72273E-05 -2.47399E-04  3.54818E-04
 OMEGA(8,5)   -3.44035E-07 -1.33843E-05  2.74990E-06  5.47472E-06  1.31451E-05  2.41396E-05  5.48741E-06  7.67930E-06  2.83401E-08  0.00000E+00 -1.50889E-07  1.07874E-04  8.08215E-05  6.84972E-05  3.33616E-05  2.89121E-05  9.37832E-06 -2.30763E-05 -1.25934E-05 -2.60157E-05 -5.31388E-05  3.08973E-04  2.50986E-04  1.59300E-04  1.43999E-04  1.02661E-04 -1.49657E-04 -1.09083E-04 -6.64504E-05 -3.19302E-05 -1.79473E-04  1.10800E-04  9.82768E-05  6.53882E-05  2.99228E-05  1.65021E-06  1.73022E-04 -1.10815E-04  7.09280E-05  1.45611E-04  1.06526E-04  2.07740E-05 -9.52945E-05  6.35833E-04 -2.71631E-04  1.50083E-04  1.21683E-04
 OMEGA(8,6)    2.83738E-06 -2.95451E-05  1.21091E-05  1.74355E-05  2.48450E-05  2.60987E-05  2.71723E-05  2.05357E-05  1.43602E-07  0.00000E+00 -2.70073E-08 -6.42666E-05 -3.33946E-05 -3.40050E-05  1.53424E-05  3.35953E-05  2.05237E-05  3.01067E-05  4.09072E-05  3.68322E-05  4.97281E-05 -1.27131E-04 -9.52059E-05 -6.10833E-05 -4.72937E-05 -3.48760E-05  4.28575E-04  3.44030E-04  2.01092E-04  1.94699E-04  1.25585E-04 -4.45790E-04  2.00446E-06  1.77959E-05  2.54992E-05  3.04151E-05 -7.49667E-05  1.99264E-04  1.28974E-05 -1.47647E-04 -7.57748E-05  2.09305E-05  4.72273E-05 -2.71631E-04  9.07896E-04 -5.36257E-06 -3.44307E-04
 OMEGA(8,7)    5.00543E-06 -8.80330E-05 -1.57055E-05 -6.51264E-06  5.27308E-06  2.30364E-05  9.48062E-06 -3.60280E-06  5.77725E-08  0.00000E+00 -1.99844E-07  1.04891E-04 -8.58135E-05 -1.85330E-04  6.76651E-05 -2.52509E-05  4.43118E-05 -1.11810E-04 -1.52287E-04 -6.09406E-05 -1.46141E-04  6.83737E-05  2.75660E-05  4.24804E-05  1.15286E-05  2.64888E-05 -1.22664E-05  9.05109E-05 -2.17993E-05  8.02680E-05 -3.27050E-05 -2.95742E-05  4.13754E-04  2.20905E-04  2.29738E-04  1.20567E-04  9.66307E-05 -2.02385E-04  4.24407E-04  2.00222E-04 -1.83549E-04  1.33472E-04 -2.47399E-04  1.50083E-04 -5.36257E-06  8.59238E-04  3.71987E-04
 OMEGA(8,8)   -1.90187E-05  1.84230E-05  3.24961E-05  1.14869E-05  3.69595E-05  3.27151E-05  1.43559E-05  3.22619E-05 -7.69412E-08  0.00000E+00 -3.12026E-07  3.20310E-04  2.52989E-04  1.90997E-04  1.76116E-04  1.54090E-04  9.70956E-05  1.64222E-04  1.44558E-04  9.64635E-05  8.91611E-05  5.90309E-05  4.64147E-05  3.16559E-05  3.54633E-05  9.53162E-06 -1.58011E-04 -1.20872E-04 -9.51146E-05 -8.17801E-05 -3.01418E-05  7.96966E-05  1.86948E-04  1.38366E-04  8.48863E-05  9.15213E-05  1.76121E-05 -1.03010E-04  8.87929E-05  6.82974E-04  5.47102E-04  3.66272E-04  3.54818E-04  1.21683E-04 -3.44307E-04  3.71987E-04  1.44108E-03
