TABLE NO.     1: First Order Conditional Estimation with Interaction (No Prior): Problem=1 Subproblem=0 Superproblem1=0 Iteration1=0 Superproblem2=0 Iteration2=0
 NAME         THETA1       THETA2       THETA3       THETA4       THETA5       THETA6       THETA7       THETA8       SIGMA(1,1)   SIGMA(2,1)   SIGMA(2,2)   OMEGA(1,1)   OMEGA(2,1)   OMEGA(2,2)   OMEGA(3,1)   OMEGA(3,2)   OMEGA(3,3)   OMEGA(4,1)   OMEGA(4,2)   OMEGA(4,3)   OMEGA(4,4)   OMEGA(5,1)   OMEGA(5,2)   OMEGA(5,3)   OMEGA(5,4)   OMEGA(5,5)   OMEGA(6,1)   OMEGA(6,2)   OMEGA(6,3)   OMEGA(6,4)   OMEGA(6,5)   OMEGA(6,6)   OMEGA(7,1)   OMEGA(7,2)   OMEGA(7,3)   OMEGA(7,4)   OMEGA(7,5)   OMEGA(7,6)   OMEGA(7,7)   OMEGA(8,1)   OMEGA(8,2)   OMEGA(8,3)   OMEGA(8,4)   OMEGA(8,5)   OMEGA(8,6)   OMEGA(8,7)   OMEGA(8,8)
 THETA1        4.96750E-03 -9.83154E-04  7.33216E-04  5.53640E-04  6.13447E-04 -3.57044E-04  5.72438E-04  1.79453E-03  2.10986E-08  0.00000E+00  1.29695E-06  1.28442E-05 -9.92109E-06  6.54016E-06 -9.73280E-06 -2.52599E-05  6.01197E-06  6.95920E-06 -7.39023E-06 -4.99266E-05 -3.52656E-05 -3.36540E-06  3.57436E-06  1.47610E-05 -3.23331E-06  4.66306E-06  7.67068E-06 -7.67373E-06 -1.93614E-06  1.03928E-05 -6.79275E-08  4.57500E-06 -2.48375E-06 -2.58237E-06  2.33980E-05  1.07340E-05  5.16853E-06  6.10124E-06 -1.98942E-06  4.03705E-06 -1.31588E-05 -1.92751E-05 -1.25437E-05 -2.07484E-07  3.29693E-06  5.35972E-06 -1.86703E-05
 THETA2       -9.83154E-04  5.27855E-03 -2.63428E-04  1.21353E-03  4.30262E-04 -1.14337E-04 -1.41701E-03  1.31735E-03 -2.63021E-08  0.00000E+00 -5.64865E-07 -2.60205E-05  2.58201E-04 -8.88480E-04  1.76704E-05  2.00053E-04  7.61164E-06  2.52328E-06 -4.51183E-04  6.43282E-05  1.89208E-05 -1.21916E-05  2.34165E-05 -4.47676E-05  9.23557E-06 -4.75512E-06 -2.34582E-05  9.42287E-05 -1.33387E-06  1.10005E-05 -1.91941E-05  1.27404E-05 -3.39488E-05  6.18909E-04 -4.79114E-05  3.38410E-05 -3.56204E-05 -7.55352E-05 -1.34249E-04 -2.68393E-05  4.21554E-05 -1.11007E-06  6.78892E-05 -1.25696E-05 -3.01077E-05 -8.68023E-05  1.90046E-05
 THETA3        7.33216E-04 -2.63428E-04  2.47864E-03  1.93409E-04  2.32952E-05  3.23084E-04  5.08137E-04  9.68014E-04  3.83714E-07  0.00000E+00 -2.18552E-06 -2.69987E-05  4.30230E-06  6.84325E-05  3.41962E-05  6.72370E-05 -1.22622E-04 -3.19780E-05  1.04389E-04  2.35055E-04  2.89953E-04  1.33730E-05 -7.44286E-06 -5.42345E-05  5.29232E-06 -1.35490E-05 -5.91623E-06  1.69108E-05  2.26736E-05 -2.75548E-05  5.49741E-06  2.64513E-06  1.31268E-05 -5.41430E-05 -1.02717E-04 -7.25261E-05 -1.58510E-05 -7.58663E-06  1.27808E-05 -1.03698E-05  3.53049E-05  2.42663E-05  3.31104E-05  3.17573E-06  1.06407E-05 -1.54602E-05  3.26644E-05
 THETA4        5.53640E-04  1.21353E-03  1.93409E-04  4.94659E-03 -5.86517E-04  4.39078E-04 -1.53971E-03  9.18169E-04 -3.11959E-07  0.00000E+00 -5.55140E-07 -8.13452E-06 -5.32459E-06  3.53347E-05  2.13627E-05  3.23011E-05 -7.00685E-05  1.09019E-06  4.67447E-05  1.12755E-04  2.43338E-04  7.39696E-06  1.54868E-06 -2.16460E-05 -5.07454E-06 -1.25580E-06  1.04962E-06  1.41418E-05  1.10564E-05  1.57262E-05  4.97417E-06  7.93123E-07  8.12793E-06 -2.80509E-05 -6.49731E-05 -5.58877E-05 -3.74096E-06  6.88833E-06  4.45632E-06  4.98402E-07  1.06580E-05  2.31338E-06  6.55920E-06  5.75162E-06  1.70850E-05 -6.50237E-06  1.15799E-05
 THETA5        6.13447E-04  4.30262E-04  2.32952E-05 -5.86517E-04  3.31728E-03 -1.33866E-03  7.13245E-04  3.03164E-04  2.20847E-07  0.00000E+00 -3.95101E-07  5.85426E-06 -2.98312E-05  4.46926E-05 -1.30799E-06 -6.81764E-06 -7.50161E-06 -1.12408E-06  3.74066E-05  2.79870E-05  3.00858E-05  3.34645E-05  1.09399E-05  6.22351E-06  2.22286E-05 -3.97714E-05  4.88119E-05 -6.92728E-06  6.11344E-06  3.15868E-05 -6.84355E-06  7.45841E-05  1.71956E-05 -3.65682E-05 -1.37665E-05  5.29037E-06 -1.66377E-05 -8.74744E-06 -4.23350E-06  4.03439E-06  7.66880E-06  1.72962E-05  2.33494E-05  1.36907E-05  2.43549E-05  5.65051E-06  3.69938E-05
 THETA6       -3.57044E-04 -1.14337E-04  3.23084E-04  4.39078E-04 -1.33866E-03  4.67161E-03  2.21215E-04 -9.40944E-04 -1.74372E-07  0.00000E+00 -9.76602E-08  1.18215E-05 -2.87364E-05  5.38991E-05 -2.71756E-06 -1.84981E-05  2.70952E-05  9.49048E-06  3.76104E-05 -2.18292E-05  2.50097E-05  4.11292E-05  9.44876E-06  2.39522E-05  3.67943E-05 -5.76854E-05  2.49735E-05  2.18894E-05 -1.23604E-05  1.12925E-04 -4.46527E-05  1.85776E-05  1.78646E-05 -5.28483E-05  5.68294E-06  2.50999E-05 -1.90021E-05 -8.13836E-05  1.18865E-05  1.19007E-05 -2.71044E-06  1.44429E-05  3.01909E-05  2.37735E-05  2.69492E-05  2.30536E-05  3.22062E-05
 THETA7        5.72438E-04 -1.41701E-03  5.08137E-04 -1.53971E-03  7.13245E-04  2.21215E-04  4.30353E-03  1.00516E-03  2.31264E-07  0.00000E+00  3.84730E-08  5.74027E-06 -3.52018E-05  8.56867E-05 -5.17320E-06 -3.01531E-05 -1.02136E-05  7.15304E-07  5.26075E-05 -8.91875E-06 -9.81572E-07  7.26362E-06  1.83328E-05  8.86174E-06  1.13352E-05 -1.33529E-05  1.35915E-05 -9.66642E-06  2.13631E-06  1.58805E-05  1.18444E-06  4.15520E-06  6.87724E-06 -6.32231E-05  8.16023E-06  6.22825E-06 -1.06817E-05  1.35561E-05 -2.31076E-06  7.77880E-06 -3.22086E-06 -3.29140E-06  3.44146E-06  5.60934E-06  2.71166E-05  1.00733E-05  1.44252E-05
 THETA8        1.79453E-03  1.31735E-03  9.68014E-04  9.18169E-04  3.03164E-04 -9.40944E-04  1.00516E-03  3.78778E-03  1.08280E-07  0.00000E+00  1.93625E-07 -9.23956E-06 -3.63210E-05  1.35483E-04  5.91071E-06 -1.24954E-05 -7.68634E-06 -4.23702E-06  8.54880E-05  3.15131E-05  2.60957E-05  1.04258E-05  1.27403E-05 -2.74109E-06  1.47067E-05 -1.38351E-05  4.99179E-06 -5.11649E-06  3.57979E-06  1.16831E-05  1.38132E-06 -3.53310E-06  8.25296E-06 -8.90165E-05 -8.01244E-06 -3.96870E-06 -1.33870E-05  7.50586E-06  4.59485E-07  1.61092E-06  2.08083E-05  2.01461E-05  1.75914E-05  8.17866E-06  2.03263E-05 -2.88084E-06  3.30169E-05
 SIGMA(1,1)    2.10986E-08 -2.63021E-08  3.83714E-07 -3.11959E-07  2.20847E-07 -1.74372E-07  2.31264E-07  1.08280E-07  4.10865E-07  0.00000E+00 -2.22884E-08  1.36473E-07  4.25489E-07 -1.14858E-06 -1.99606E-07 -4.47828E-07 -8.37055E-07 -6.85113E-08  6.90563E-08 -6.31067E-07 -8.73106E-07 -5.46022E-08  5.83278E-08  6.65584E-08  3.02724E-08 -6.02696E-08  1.68968E-07  5.11967E-08 -5.33216E-08 -4.62795E-08  2.04980E-08  4.30280E-07 -1.30949E-07  1.75634E-07  6.30064E-08 -1.11450E-07  9.03558E-08  1.93083E-07  1.66221E-08 -7.11081E-08 -3.86988E-08 -2.44416E-07 -3.44733E-07  5.71393E-08  7.76603E-08  7.05731E-08 -9.63334E-08
 SIGMA(2,1)    0.00000E+00  0.00000E+00  0.00000E+00  0.00000E+00  0.00000E+00  0.00000E+00  0.00000E+00  0.00000E+00  0.00000E+00  0.00000E+00  0.00000E+00  0.00000E+00  0.00000E+00  0.00000E+00  0.00000E+00  0.00000E+00  0.00000E+00  0.00000E+00  0.00000E+00  0.00000E+00  0.00000E+00  0.00000E+00  0.00000E+00  0.00000E+00  0.00000E+00  0.00000E+00  0.00000E+00  0.00000E+00  0.00000E+00  0.00000E+00  0.00000E+00  0.00000E+00  0.00000E+00  0.00000E+00  0.00000E+00  0.00000E+00  0.00000E+00  0.00000E+00  0.00000E+00  0.00000E+00  0.00000E+00  0.00000E+00  0.00000E+00  0.00000E+00  0.00000E+00  0.00000E+00  0.00000E+00
 SIGMA(2,2)    1.29695E-06 -5.64865E-07 -2.18552E-06 -5.55140E-07 -3.95101E-07 -9.76602E-08  3.84730E-08  1.93625E-07 -2.22884E-08  0.00000E+00  1.49611E-06 -3.42296E-07 -8.69655E-08 -1.75601E-07  4.29412E-07 -9.63278E-08 -4.28987E-07  2.00491E-07 -6.49879E-07 -2.73485E-07 -1.54095E-07  5.48001E-08  4.22806E-07 -3.26304E-07 -5.01877E-09 -4.18913E-07 -7.01925E-07  2.97966E-07  8.67958E-07  7.18263E-07 -5.84020E-07 -3.14569E-06  3.90694E-08  5.39975E-07  7.13579E-08  3.79960E-07 -2.74058E-07 -3.21678E-07 -2.99969E-07  2.79588E-07  2.05170E-07 -5.23720E-07  2.66095E-07 -2.59323E-07  3.98872E-07 -1.62230E-07 -4.26910E-07
 OMEGA(1,1)    1.28442E-05 -2.60205E-05 -2.69987E-05 -8.13452E-06  5.85426E-06  1.18215E-05  5.74027E-06 -9.23956E-06  1.36473E-07  0.00000E+00 -3.42296E-07  2.46458E-03 -4.75405E-04  8.73120E-05  3.74433E-04 -9.29301E-05  4.68295E-05  2.86457E-04 -6.40381E-05  2.14081E-05  2.12942E-05  3.08028E-04 -6.39514E-05  4.59396E-05  3.13710E-05  3.53099E-05 -1.76991E-04  3.72567E-05 -3.33318E-05 -2.42240E-05 -2.04710E-05  2.25850E-05  2.82581E-04 -5.44242E-05  5.61214E-05  3.96581E-05  3.90832E-05 -1.85330E-05  3.04604E-05  8.95080E-04 -1.80058E-04  1.26554E-04  9.56432E-05  1.07801E-04 -6.49469E-05  1.04783E-04  3.20295E-04
 OMEGA(2,1)   -9.92109E-06  2.58201E-04  4.30230E-06 -5.32459E-06 -2.98312E-05 -2.87364E-05 -3.52018E-05 -3.63210E-05  4.25489E-07  0.00000E+00 -8.69655E-08 -4.75405E-04  1.21466E-03 -6.21250E-04 -1.08568E-04  1.93393E-04 -2.65095E-05  2.73669E-04 -5.53573E-05  5.11240E-05  6.88287E-05  7.83649E-05  1.12218E-04  3.55107E-06  4.33069E-05  2.36555E-05 -3.36358E-06 -5.64380E-05  6.79641E-06 -2.62373E-05 -1.20861E-05  3.09365E-06 -3.70220E-04  2.93510E-04 -6.42117E-05  7.05290E-07 -2.91814E-05  2.20936E-05 -8.62092E-05  2.52789E-04  3.13347E-04  2.77745E-05  1.60276E-04  8.12804E-05 -3.48312E-05 -8.54324E-05  2.52852E-04
 OMEGA(2,2)    6.54016E-06 -8.88480E-04  6.84325E-05  3.53347E-05  4.46926E-05  5.38991E-05  8.56867E-05  1.35483E-04 -1.14858E-06  0.00000E+00 -1.75601E-07  8.73120E-05 -6.21250E-04  2.48872E-03  4.26713E-05 -2.11967E-04  2.71838E-05 -1.21707E-04  7.98240E-04 -6.34795E-06  1.86673E-04 -3.83827E-05  1.83479E-04  3.77588E-07  5.90039E-05  4.53581E-05  2.74951E-06 -5.53003E-05 -4.04121E-06 -2.66972E-05  2.44720E-06 -3.16334E-05  1.50001E-04 -8.78304E-04  2.60719E-05 -1.97012E-04 -4.68396E-05  4.06939E-06  2.23352E-04 -1.23861E-04  6.63328E-04 -9.05715E-07  1.65246E-04  6.81778E-05 -3.43909E-05 -1.86919E-04  1.91962E-04
 OMEGA(3,1)   -9.73280E-06  1.76704E-05  3.41962E-05  2.13627E-05 -1.30799E-06 -2.71756E-06 -5.17320E-06  5.91071E-06 -1.99606E-07  0.00000E+00  4.29412E-07  3.74433E-04 -1.08568E-04  4.26713E-05  6.03979E-04 -8.00866E-05  2.08707E-04  3.98103E-05  1.61128E-05  1.10110E-04  3.83802E-05  2.57002E-05 -2.22519E-06  6.86281E-05  8.98602E-06  2.81284E-06  6.83825E-05 -9.92783E-06 -1.16376E-05  2.21062E-05  1.02052E-05 -2.86092E-05  1.51925E-04 -3.43851E-05  5.79950E-05  3.46248E-06  9.99903E-06 -1.80311E-06  2.94032E-05  2.99990E-04 -5.60623E-05  2.64420E-04  5.14513E-05  3.34557E-05  1.50937E-05  6.77123E-05  1.75796E-04
 OMEGA(3,2)   -2.52599E-05  2.00053E-04  6.72370E-05  3.23011E-05 -6.81764E-06 -1.84981E-05 -3.01531E-05 -1.24954E-05 -4.47828E-07  0.00000E+00 -9.63278E-08 -9.29301E-05  1.93393E-04 -2.11967E-04 -8.00866E-05  5.37838E-04 -4.12522E-05  5.84694E-05 -1.72863E-05  1.65008E-04  3.80375E-05  2.21799E-05  1.17469E-06  6.34709E-05  2.90381E-06 -3.40846E-06 -2.79175E-05  9.51491E-05  1.65622E-06  2.26241E-05  1.39781E-06 -1.45026E-05 -7.49669E-05  1.65974E-04 -1.65295E-04  1.89485E-05  1.27540E-05 -2.52899E-05 -6.11128E-05  1.04063E-05  1.64317E-04  1.64985E-04  7.28323E-05  2.90969E-05  3.31494E-05 -2.53257E-05  1.54225E-04
 OMEGA(3,3)    6.01197E-06  7.61164E-06 -1.22622E-04 -7.00685E-05 -7.50161E-06  2.70952E-05 -1.02136E-05 -7.68634E-06 -8.37055E-07  0.00000E+00 -4.28987E-07  4.68295E-05 -2.65095E-05  2.71838E-05  2.08707E-04 -4.12522E-05  6.06954E-04  2.55207E-05  4.28863E-06  2.89404E-08 -5.08702E-05  2.13625E-06  3.11764E-06  1.30856E-05  5.73339E-07  7.67186E-06  2.04384E-05 -7.53331E-06  6.02715E-05  1.05523E-05 -2.97581E-06  1.18336E-06  4.47914E-05 -1.88159E-05  1.03091E-04 -6.79738E-07 -2.43278E-06  1.75207E-05  2.87793E-05  7.06985E-05 -1.93345E-05  2.60151E-04  3.14516E-05  9.38159E-06  2.12131E-05  4.47767E-05  9.69546E-05
 OMEGA(4,1)    6.95920E-06  2.52328E-06 -3.19780E-05  1.09019E-06 -1.12408E-06  9.49048E-06  7.15304E-07 -4.23702E-06 -6.85113E-08  0.00000E+00  2.00491E-07  2.86457E-04  2.73669E-04 -1.21707E-04  3.98103E-05  5.84694E-05  2.55207E-05  1.22542E-03 -1.88501E-04  1.92173E-04  2.91977E-04 -1.30710E-04  7.05211E-05 -1.77222E-05  1.35895E-04 -3.57485E-05  1.01022E-04 -3.63529E-05  2.66353E-05 -6.23229E-05  2.19610E-05 -2.63948E-05 -3.64139E-04  1.13917E-04 -6.40934E-05  9.08564E-05 -6.64249E-05  3.56766E-05 -8.97909E-05  2.77832E-04  6.78844E-05  4.93563E-05  4.72183E-04 -2.33036E-05  2.75923E-05 -1.12608E-04  1.63402E-04
 OMEGA(4,2)   -7.39023E-06 -4.51183E-04  1.04389E-04  4.67447E-05  3.74066E-05  3.76104E-05  5.26075E-05  8.54880E-05  6.90563E-08  0.00000E+00 -6.49879E-07 -6.40381E-05 -5.53573E-05  7.98240E-04  1.61128E-05 -1.72863E-05  4.28863E-06 -1.88501E-04  1.28014E-03 -2.34066E-05  6.32002E-04  4.69498E-05 -1.08968E-04  2.35453E-05  8.63834E-05 -2.71381E-05 -1.75300E-05  5.28751E-05 -4.65751E-06  1.07614E-05  1.41531E-05 -1.57329E-06  4.89961E-05 -6.12720E-04  2.70543E-06 -4.37063E-04  1.11866E-05 -1.18050E-05  2.46668E-04  6.02518E-06  2.59807E-04  1.50309E-05  4.02452E-04 -1.23706E-05  4.01896E-05 -1.52530E-04  1.44946E-04
 OMEGA(4,3)   -4.99266E-05  6.43282E-05  2.35055E-04  1.12755E-04  2.79870E-05 -2.18292E-05 -8.91875E-06  3.15131E-05 -6.31067E-07  0.00000E+00 -2.73485E-07  2.14081E-05  5.11240E-05 -6.34795E-06  1.10110E-04  1.65008E-04  2.89404E-08  1.92173E-04 -2.34066E-05  6.58852E-04  1.46523E-04 -1.06233E-05  5.03137E-06 -9.29605E-05 -5.55278E-06 -5.65160E-06  3.17023E-05  1.89488E-05  6.18698E-05  8.23892E-05 -4.72222E-06  2.03021E-05 -4.23995E-05  4.36801E-05 -2.05242E-04  9.51641E-05 -2.21354E-05 -2.34933E-05 -7.36313E-05  5.81855E-05  6.63430E-05  1.35837E-04  2.60229E-04 -2.55903E-05  3.50190E-05 -6.02602E-05  9.59200E-05
 OMEGA(4,4)   -3.52656E-05  1.89208E-05  2.89953E-04  2.43338E-04  3.00858E-05  2.50097E-05 -9.81572E-07  2.60957E-05 -8.73106E-07  0.00000E+00 -1.54095E-07  2.12942E-05  6.88287E-05  1.86673E-04  3.83802E-05  3.80375E-05 -5.08702E-05  2.91977E-04  6.32002E-04  1.46523E-04  2.60653E-03 -2.47850E-05 -6.92039E-05 -3.33546E-05 -3.03185E-04  2.81427E-05  2.80231E-05  5.71559E-05  2.30215E-05  2.45007E-04 -2.54092E-05  9.00437E-06 -8.29676E-05 -2.09697E-04 -4.66126E-05 -7.76459E-04  8.38516E-05 -7.95584E-05  2.44533E-04  5.21362E-05  1.28206E-04  2.20006E-05  4.51371E-04 -5.28522E-05  4.86538E-05 -1.45938E-04  8.86706E-05
 OMEGA(5,1)   -3.36540E-06 -1.21916E-05  1.33730E-05  7.39696E-06  3.34645E-05  4.11292E-05  7.26362E-06  1.04258E-05 -5.46022E-08  0.00000E+00  5.48001E-08  3.08028E-04  7.83649E-05 -3.83827E-05  2.57002E-05  2.21799E-05  2.13625E-06 -1.30710E-04  4.69498E-05 -1.06233E-05 -2.47850E-05  8.42740E-04 -1.41680E-04  1.24255E-04  8.19085E-05  1.99193E-04 -3.40123E-04  6.19415E-05 -5.54171E-05 -2.00339E-05 -9.91405E-05  6.37851E-05  1.99091E-04 -2.49559E-05  1.89368E-05  5.60535E-06  1.14068E-04 -5.16985E-05  3.76823E-05  1.30020E-04  3.17296E-05  1.65430E-05 -3.37270E-05  3.09154E-04 -1.26534E-04  6.85520E-05  5.95552E-05
 OMEGA(5,2)    3.57436E-06  2.34165E-05 -7.44286E-06  1.54868E-06  1.09399E-05  9.44876E-06  1.83328E-05  1.27403E-05  5.83278E-08  0.00000E+00  4.22806E-07 -6.39514E-05  1.12218E-04  1.83479E-04 -2.22519E-06  1.17469E-06  3.11764E-06  7.05211E-05 -1.08968E-04  5.03137E-06 -6.92039E-05 -1.41680E-04  7.09595E-04 -3.78844E-05  1.98740E-04  1.61457E-04  6.34033E-05 -2.85944E-04  1.66064E-05 -7.14835E-05 -3.78424E-05 -1.11345E-05 -7.61756E-05  1.57282E-04 -3.37484E-06  8.83821E-05 -2.04693E-04  8.32691E-05 -1.10081E-04  3.33754E-05  1.21909E-04  2.73810E-06 -2.20584E-05  2.50970E-04 -9.43731E-05  2.74024E-05  4.65670E-05
 OMEGA(5,3)    1.47610E-05 -4.47676E-05 -5.42345E-05 -2.16460E-05  6.22351E-06  2.39522E-05  8.86174E-06 -2.74109E-06  6.65584E-08  0.00000E+00 -3.26304E-07  4.59396E-05  3.55107E-06  3.77588E-07  6.86281E-05  6.34709E-05  1.30856E-05 -1.77222E-05  2.35453E-05 -9.29605E-05 -3.33546E-05  1.24255E-04 -3.78844E-05  3.91786E-04  2.34801E-05  1.13749E-05 -4.35995E-05  2.95459E-05 -1.64049E-04 -2.05857E-05  5.71052E-05 -5.86894E-05  4.17379E-05  1.57565E-06  8.21430E-05 -9.99728E-06  8.42820E-05 -2.61452E-05  3.04661E-05  4.21599E-05  2.20056E-05  3.32953E-05 -3.12389E-05  1.59265E-04 -6.09786E-05  4.21524E-05  3.21082E-05
 OMEGA(5,4)   -3.23331E-06  9.23557E-06  5.29232E-06 -5.07454E-06  2.22286E-05  3.67943E-05  1.13352E-05  1.47067E-05  3.02724E-08  0.00000E+00 -5.01877E-09  3.13710E-05  4.33069E-05  5.90039E-05  8.98602E-06  2.90381E-06  5.73339E-07  1.35895E-04  8.63834E-05 -5.55278E-06 -3.03185E-04  8.19085E-05  1.98740E-04  2.34801E-05  8.34924E-04 -2.02117E-04 -1.94635E-05 -6.43513E-05 -5.27703E-06 -3.39544E-04  1.10661E-04 -4.62527E-05 -2.15513E-05  1.31692E-05  4.33938E-06  2.20806E-04 -2.83929E-04  1.09505E-04 -1.14543E-04  4.54959E-05  4.10244E-05  6.51681E-06  4.76192E-05  1.43580E-04 -4.71091E-05  1.09333E-05  3.53748E-05
 OMEGA(5,5)    4.66306E-06 -4.75512E-06 -1.35490E-05 -1.25580E-06 -3.97714E-05 -5.76854E-05 -1.33529E-05 -1.38351E-05 -6.02696E-08  0.00000E+00 -4.18913E-07  3.53099E-05  2.36555E-05  4.53581E-05  2.81284E-06 -3.40846E-06  7.67186E-06 -3.57485E-05 -2.71381E-05 -5.65160E-06  2.81427E-05  1.99193E-04  1.61457E-04  1.13749E-05 -2.02117E-04  1.09596E-03 -8.51623E-05 -7.28291E-05 -1.25608E-07  7.43037E-05 -4.50515E-04  1.40970E-04  4.45304E-05  1.25309E-05  1.11665E-06 -4.66045E-05  2.45432E-04 -7.50966E-05  6.20167E-05  2.05648E-05 -3.46879E-06  1.62430E-06 -2.08230E-05  1.03189E-04 -3.50421E-05  2.62119E-05  1.00703E-05
 OMEGA(6,1)    7.67068E-06 -2.34582E-05 -5.91623E-06  1.04962E-06  4.88119E-05  2.49735E-05  1.35915E-05  4.99179E-06  1.68968E-07  0.00000E+00 -7.01925E-07 -1.76991E-04 -3.36358E-06  2.74951E-06  6.83825E-05 -2.79175E-05  2.04384E-05  1.01022E-04 -1.75300E-05  3.17023E-05  2.80231E-05 -3.40123E-04  6.34033E-05 -4.35995E-05 -1.94635E-05 -8.51623E-05  1.15663E-03 -2.17465E-04  1.63421E-04  1.24367E-04  1.79229E-04 -1.21575E-04  4.58463E-05 -8.51961E-06  2.10716E-05  2.13621E-05 -3.21223E-05  1.33119E-04  2.42457E-06 -2.65462E-04  4.69539E-05 -2.88550E-06  2.38729E-05 -1.49621E-04  4.27379E-04 -1.21877E-05 -1.59361E-04
 OMEGA(6,2)   -7.67373E-06  9.42287E-05  1.69108E-05  1.41418E-05 -6.92728E-06  2.18894E-05 -9.66642E-06 -5.11649E-06  5.11967E-08  0.00000E+00  2.97966E-07  3.72567E-05 -5.64380E-05 -5.53003E-05 -9.92783E-06  9.51491E-05 -7.53331E-06 -3.63529E-05  5.28751E-05  1.89488E-05  5.71559E-05  6.19415E-05 -2.85944E-04  2.95459E-05 -6.43513E-05 -7.28291E-05 -2.17465E-04  1.02665E-03 -5.32065E-05  2.74143E-04  1.04617E-04 -3.64219E-05  1.91671E-05  4.86060E-05 -2.90172E-05 -1.23555E-05  9.76351E-05 -3.17395E-04 -1.60650E-05  2.68878E-05 -2.43897E-04  3.70220E-05 -1.59034E-05 -1.08693E-04  3.44012E-04  9.21094E-05 -1.23199E-04
 OMEGA(6,3)   -1.93614E-06 -1.33387E-06  2.26736E-05  1.10564E-05  6.11344E-06 -1.23604E-05  2.13631E-06  3.57979E-06 -5.33216E-08  0.00000E+00  8.67958E-07 -3.33318E-05  6.79641E-06 -4.04121E-06 -1.16376E-05  1.65622E-06  6.02715E-05  2.66353E-05 -4.65751E-06  6.18698E-05  2.30215E-05 -5.54171E-05  1.66064E-05 -1.64049E-04 -5.27703E-06 -1.25608E-07  1.63421E-04 -5.32065E-05  5.30395E-04  2.75965E-05 -2.50145E-05  1.57388E-04  1.89438E-06  1.71714E-06  1.56973E-05  5.86329E-06 -3.91978E-05  1.10365E-04  4.78559E-06 -4.95195E-05  1.89966E-05 -9.89449E-05  1.98403E-05 -6.67775E-05  2.00582E-04 -2.25999E-05 -9.54654E-05
 OMEGA(6,4)    1.03928E-05  1.10005E-05 -2.75548E-05  1.57262E-05  3.15868E-05  1.12925E-04  1.58805E-05  1.16831E-05 -4.62795E-08  0.00000E+00  7.18263E-07 -2.42240E-05 -2.62373E-05 -2.66972E-05  2.21062E-05  2.26241E-05  1.05523E-05 -6.23229E-05  1.07614E-05  8.23892E-05  2.45007E-04 -2.00339E-05 -7.14835E-05 -2.05857E-05 -3.39544E-04  7.43037E-05  1.24367E-04  2.74143E-04  2.75965E-05  1.16544E-03 -1.78502E-04  1.95166E-04  4.18350E-05  2.43274E-05 -3.61699E-05  1.47860E-05  8.78872E-05 -3.46335E-04 -4.04160E-05 -3.49015E-05 -5.52420E-05  1.93183E-05 -1.99772E-04 -3.20580E-05  1.95112E-04  8.09353E-05 -8.30783E-05
 OMEGA(6,5)   -6.79275E-08 -1.91941E-05  5.49741E-06  4.97417E-06 -6.84355E-06 -4.46527E-05  1.18444E-06  1.38132E-06  2.04980E-08  0.00000E+00 -5.84020E-07 -2.04710E-05 -1.20861E-05  2.44720E-06  1.02052E-05  1.39781E-06 -2.97581E-06  2.19610E-05  1.41531E-05 -4.72222E-06 -2.54092E-05 -9.91405E-05 -3.78424E-05  5.71052E-05  1.10661E-04 -4.50515E-04  1.79229E-04  1.04617E-04 -2.50145E-05 -1.78502E-04  8.67498E-04 -6.45175E-04 -4.55998E-06 -3.06549E-06  7.73628E-06  5.36696E-06 -1.05568E-05  1.70794E-04  1.24862E-05 -3.50107E-05 -2.97122E-05  2.63949E-06  3.46374E-05 -1.79486E-04  1.24284E-04 -3.29938E-05 -3.02370E-05
 OMEGA(6,6)    4.57500E-06  1.27404E-05  2.64513E-06  7.93123E-07  7.45841E-05  1.85776E-05  4.15520E-06 -3.53310E-06  4.30280E-07  0.00000E+00 -3.14569E-06  2.25850E-05  3.09365E-06 -3.16334E-05 -2.86092E-05 -1.45026E-05  1.18336E-06 -2.63948E-05 -1.57329E-06  2.03021E-05  9.00437E-06  6.37851E-05 -1.11345E-05 -5.86894E-05 -4.62527E-05  1.40970E-04 -1.21575E-04 -3.64219E-05  1.57388E-04  1.95166E-04 -6.45175E-04  2.27722E-03 -6.28786E-06  1.48340E-05  8.42795E-06  1.07839E-05 -4.22903E-05  7.28512E-05 -2.68505E-06  2.76537E-05  2.63924E-05 -4.18405E-05 -4.59120E-05  1.11322E-04 -4.49209E-04 -2.91468E-05  8.08765E-05
 OMEGA(7,1)   -2.48375E-06 -3.39488E-05  1.31268E-05  8.12793E-06  1.71956E-05  1.78646E-05  6.87724E-06  8.25296E-06 -1.30949E-07  0.00000E+00  3.90694E-08  2.82581E-04 -3.70220E-04  1.50001E-04  1.51925E-04 -7.49669E-05  4.47914E-05 -3.64139E-04  4.89961E-05 -4.23995E-05 -8.29676E-05  1.99091E-04 -7.61756E-05  4.17379E-05 -2.15513E-05  4.45304E-05  4.58463E-05  1.91671E-05  1.89438E-06  4.18350E-05 -4.55998E-06 -6.28786E-06  1.08489E-03 -2.52566E-04  1.79375E-04  8.18169E-05  1.52287E-04 -7.73928E-05  2.42595E-04  3.00105E-04 -1.61917E-04  9.17140E-05 -1.02521E-04  9.79518E-05  2.97232E-06  4.13733E-04  1.86689E-04
 OMEGA(7,2)   -2.58237E-06  6.18909E-04 -5.41430E-05 -2.80509E-05 -3.65682E-05 -5.28483E-05 -6.32231E-05 -8.90165E-05  1.75634E-07  0.00000E+00  5.39975E-07 -5.44242E-05  2.93510E-04 -8.78304E-04 -3.43851E-05  1.65974E-04 -1.88159E-05  1.13917E-04 -6.12720E-04  4.36801E-05 -2.09697E-04 -2.49559E-05  1.57282E-04  1.57565E-06  1.31692E-05  1.25309E-05 -8.51961E-06  4.86060E-05  1.71714E-06  2.43274E-05 -3.06549E-06  1.48340E-05 -2.52566E-04  1.26231E-03 -8.13045E-05  3.90998E-04  3.29991E-05 -2.36848E-05 -6.19592E-04 -8.02791E-06  1.38470E-04  9.04598E-06 -3.93965E-05  6.58300E-05  1.73960E-05  2.22494E-04  1.38913E-04
 OMEGA(7,3)    2.33980E-05 -4.79114E-05 -1.02717E-04 -6.49731E-05 -1.37665E-05  5.68294E-06  8.16023E-06 -8.01244E-06  6.30064E-08  0.00000E+00  7.13579E-08  5.61214E-05 -6.42117E-05  2.60719E-05  5.79950E-05 -1.65295E-04  1.03091E-04 -6.40934E-05  2.70543E-06 -2.05242E-04 -4.66126E-05  1.89368E-05 -3.37484E-06  8.21430E-05  4.33938E-06  1.11665E-06  2.10716E-05 -2.90172E-05  1.56973E-05 -3.61699E-05  7.73628E-06  8.42795E-06  1.79375E-04 -8.13045E-05  5.06767E-04 -1.40877E-05  1.28313E-05  7.54052E-05  2.09097E-04  7.10392E-05 -8.08536E-05  1.05588E-04 -8.54291E-05  2.98049E-05  2.61153E-05  2.30093E-04  8.63846E-05
 OMEGA(7,4)    1.07340E-05  3.38410E-05 -7.25261E-05 -5.58877E-05  5.29037E-06  2.50999E-05  6.22825E-06 -3.96870E-06 -1.11450E-07  0.00000E+00  3.79960E-07  3.96581E-05  7.05290E-07 -1.97012E-04  3.46248E-06  1.89485E-05 -6.79738E-07  9.08564E-05 -4.37063E-04  9.51641E-05 -7.76459E-04  5.60535E-06  8.83821E-05 -9.99728E-06  2.20806E-04 -4.66045E-05  2.13621E-05 -1.23555E-05  5.86329E-06  1.47860E-05  5.36696E-06  1.07839E-05  8.18169E-05  3.90998E-04 -1.40877E-05  1.17091E-03 -1.87911E-04  7.16727E-05 -6.70077E-04  6.13129E-05 -2.44785E-07  1.10491E-05  1.60392E-04  1.73555E-06  3.03119E-05  1.20697E-04  9.15357E-05
 OMEGA(7,5)    5.16853E-06 -3.56204E-05 -1.58510E-05 -3.74096E-06 -1.66377E-05 -1.90021E-05 -1.06817E-05 -1.33870E-05  9.03558E-08  0.00000E+00 -2.74058E-07  3.90832E-05 -2.91814E-05 -4.68396E-05  9.99903E-06  1.27540E-05 -2.43278E-06 -6.64249E-05  1.11866E-05 -2.21354E-05  8.38516E-05  1.14068E-04 -2.04693E-04  8.42820E-05 -2.83929E-04  2.45432E-04 -3.21223E-05  9.76351E-05 -3.91978E-05  8.78872E-05 -1.05568E-05 -4.22903E-05  1.52287E-04  3.29991E-05  1.28313E-05 -1.87911E-04  7.43174E-04 -2.82498E-04  3.13582E-04  3.55086E-05 -4.12689E-06 -2.45772E-06 -5.91604E-05  1.74014E-04 -7.54045E-05  9.72960E-05  1.83841E-05
 OMEGA(7,6)    6.10124E-06 -7.55352E-05 -7.58663E-06  6.88833E-06 -8.74744E-06 -8.13836E-05  1.35561E-05  7.50586E-06  1.93083E-07  0.00000E+00 -3.21678E-07 -1.85330E-05  2.20936E-05  4.06939E-06 -1.80311E-06 -2.52899E-05  1.75207E-05  3.56766E-05 -1.18050E-05 -2.34933E-05 -7.95584E-05 -5.16985E-05  8.32691E-05 -2.61452E-05  1.09505E-04 -7.50966E-05  1.33119E-04 -3.17395E-04  1.10365E-04 -3.46335E-04  1.70794E-04  7.28512E-05 -7.73928E-05 -2.36848E-05  7.54052E-05  7.16727E-05 -2.82498E-04  1.00566E-03  8.00364E-05 -5.47297E-05  6.84268E-05 -1.12783E-05  8.73352E-05 -1.10898E-04  1.98416E-04 -2.03649E-04 -1.02956E-04
 OMEGA(7,7)   -1.98942E-06 -1.34249E-04  1.27808E-05  4.45632E-06 -4.23350E-06  1.18865E-05 -2.31076E-06  4.59485E-07  1.66221E-08  0.00000E+00 -2.99969E-07  3.04604E-05 -8.62092E-05  2.23352E-04  2.94032E-05 -6.11128E-05  2.87793E-05 -8.97909E-05  2.46668E-04 -7.36313E-05  2.44533E-04  3.76823E-05 -1.10081E-04  3.04661E-05 -1.14543E-04  6.20167E-05  2.42457E-06 -1.60650E-05  4.78559E-06 -4.04160E-05  1.24862E-05 -2.68505E-06  2.42595E-04 -6.19592E-04  2.09097E-04 -6.70077E-04  3.13582E-04  8.00364E-05  1.85766E-03  5.10154E-05 -1.31109E-04  4.98284E-05 -1.54417E-04  7.08266E-05  1.31804E-05  4.24405E-04  8.94860E-05
 OMEGA(8,1)    4.03705E-06 -2.68393E-05 -1.03698E-05  4.98402E-07  4.03439E-06  1.19007E-05  7.77880E-06  1.61092E-06 -7.11081E-08  0.00000E+00  2.79588E-07  8.95080E-04  2.52789E-04 -1.23861E-04  2.99990E-04  1.04063E-05  7.06985E-05  2.77832E-04  6.02518E-06  5.81855E-05  5.21362E-05  1.30020E-04  3.33754E-05  4.21599E-05  4.54959E-05  2.05648E-05 -2.65462E-04  2.68878E-05 -4.95195E-05 -3.49015E-05 -3.50107E-05  2.76537E-05  3.00105E-04 -8.02791E-06  7.10392E-05  6.13129E-05  3.55086E-05 -5.47297E-05  5.10154E-05  1.10324E-03 -5.23589E-05  2.28033E-04  1.93973E-04  1.45511E-04 -1.48710E-04  2.00026E-04  6.82807E-04
 OMEGA(8,2)   -1.31588E-05  4.21554E-05  3.53049E-05  1.06580E-05  7.66880E-06 -2.71044E-06 -3.22086E-06  2.08083E-05 -3.86988E-08  0.00000E+00  2.05170E-07 -1.80058E-04  3.13347E-04  6.63328E-04 -5.60623E-05  1.64317E-04 -1.93345E-05  6.78844E-05  2.59807E-04  6.63430E-05  1.28206E-04  3.17296E-05  1.21909E-04  2.20056E-05  4.10244E-05 -3.46879E-06  4.69539E-05 -2.43897E-04  1.89966E-05 -5.52420E-05 -2.97122E-05  2.63924E-05 -1.61917E-04  1.38470E-04 -8.08536E-05 -2.44785E-07 -4.12689E-06  6.84268E-05 -1.31109E-04 -5.23589E-05  9.29749E-04  3.72992E-05  3.06330E-04  1.07223E-04 -7.76491E-05 -1.83655E-04  5.48793E-04
 OMEGA(8,3)   -1.92751E-05 -1.11007E-06  2.42663E-05  2.31338E-06  1.72962E-05  1.44429E-05 -3.29140E-06  2.01461E-05 -2.44416E-07  0.00000E+00 -5.23720E-07  1.26554E-04  2.77745E-05 -9.05715E-07  2.64420E-04  1.64985E-04  2.60151E-04  4.93563E-05  1.50309E-05  1.35837E-04  2.20006E-05  1.65430E-05  2.73810E-06  3.32953E-05  6.51681E-06  1.62430E-06 -2.88550E-06  3.70220E-05 -9.89449E-05  1.93183E-05  2.63949E-06 -4.18405E-05  9.17140E-05  9.04598E-06  1.05588E-04  1.10491E-05 -2.45772E-06 -1.12783E-05  4.98284E-05  2.28033E-04  3.72992E-05  4.93860E-04  7.25102E-05  2.15671E-05  2.01174E-05  1.34444E-04  3.67019E-04
 OMEGA(8,4)   -1.25437E-05  6.78892E-05  3.31104E-05  6.55920E-06  2.33494E-05  3.01909E-05  3.44146E-06  1.75914E-05 -3.44733E-07  0.00000E+00  2.66095E-07  9.56432E-05  1.60276E-04  1.65246E-04  5.14513E-05  7.28323E-05  3.14516E-05  4.72183E-04  4.02452E-04  2.60229E-04  4.51371E-04 -3.37270E-05 -2.20584E-05 -3.12389E-05  4.76192E-05 -2.08230E-05  2.38729E-05 -1.59034E-05  1.98403E-05 -1.99772E-04  3.46374E-05 -4.59120E-05 -1.02521E-04 -3.93965E-05 -8.54291E-05  1.60392E-04 -5.91604E-05  8.73352E-05 -1.54417E-04  1.93973E-04  3.06330E-04  7.25102E-05  9.65612E-04 -9.42700E-05  4.48922E-05 -2.46877E-04  3.54929E-04
 OMEGA(8,5)   -2.07484E-07 -1.25696E-05  3.17573E-06  5.75162E-06  1.36907E-05  2.37735E-05  5.60934E-06  8.17866E-06  5.71393E-08  0.00000E+00 -2.59323E-07  1.07801E-04  8.12804E-05  6.81778E-05  3.34557E-05  2.90969E-05  9.38159E-06 -2.33036E-05 -1.23706E-05 -2.55903E-05 -5.28522E-05  3.09154E-04  2.50970E-04  1.59265E-04  1.43580E-04  1.03189E-04 -1.49621E-04 -1.08693E-04 -6.67775E-05 -3.20580E-05 -1.79486E-04  1.11322E-04  9.79518E-05  6.58300E-05  2.98049E-05  1.73555E-06  1.74014E-04 -1.10898E-04  7.08266E-05  1.45511E-04  1.07223E-04  2.15671E-05 -9.42700E-05  6.36155E-04 -2.71182E-04  1.49566E-04  1.22469E-04
 OMEGA(8,6)    3.29693E-06 -3.01077E-05  1.06407E-05  1.70850E-05  2.43549E-05  2.69492E-05  2.71166E-05  2.03263E-05  7.76603E-08  0.00000E+00  3.98872E-07 -6.49469E-05 -3.48312E-05 -3.43909E-05  1.50937E-05  3.31494E-05  2.12131E-05  2.75923E-05  4.01896E-05  3.50190E-05  4.86538E-05 -1.26534E-04 -9.43731E-05 -6.09786E-05 -4.71091E-05 -3.50421E-05  4.27379E-04  3.44012E-04  2.00582E-04  1.95112E-04  1.24284E-04 -4.49209E-04  2.97232E-06  1.73960E-05  2.61153E-05  3.03119E-05 -7.54045E-05  1.98416E-04  1.31804E-05 -1.48710E-04 -7.76491E-05  2.01174E-05  4.48922E-05 -2.71182E-04  9.06671E-04 -4.38293E-06 -3.46442E-04
 OMEGA(8,7)    5.35972E-06 -8.68023E-05 -1.54602E-05 -6.50237E-06  5.65051E-06  2.30536E-05  1.00733E-05 -2.88084E-06  7.05731E-08  0.00000E+00 -1.62230E-07  1.04783E-04 -8.54324E-05 -1.86919E-04  6.77123E-05 -2.53257E-05  4.47767E-05 -1.12608E-04 -1.52530E-04 -6.02602E-05 -1.45938E-04  6.85520E-05  2.74024E-05  4.21524E-05  1.09333E-05  2.62119E-05 -1.21877E-05  9.21094E-05 -2.25999E-05  8.09353E-05 -3.29938E-05 -2.91468E-05  4.13733E-04  2.22494E-04  2.30093E-04  1.20697E-04  9.72960E-05 -2.03649E-04  4.24405E-04  2.00026E-04 -1.83655E-04  1.34444E-04 -2.46877E-04  1.49566E-04 -4.38293E-06  8.59590E-04  3.72300E-04
 OMEGA(8,8)   -1.86703E-05  1.90046E-05  3.26644E-05  1.15799E-05  3.69938E-05  3.22062E-05  1.44252E-05  3.30169E-05 -9.63334E-08  0.00000E+00 -4.26910E-07  3.20295E-04  2.52852E-04  1.91962E-04  1.75796E-04  1.54225E-04  9.69546E-05  1.63402E-04  1.44946E-04  9.59200E-05  8.86706E-05  5.95552E-05  4.65670E-05  3.21082E-05  3.53748E-05  1.00703E-05 -1.59361E-04 -1.23199E-04 -9.54654E-05 -8.30783E-05 -3.02370E-05  8.08765E-05  1.86689E-04  1.38913E-04  8.63846E-05  9.15357E-05  1.83841E-05 -1.02956E-04  8.94860E-05  6.82807E-04  5.48793E-04  3.67019E-04  3.54929E-04  1.22469E-04 -3.46442E-04  3.72300E-04  1.44288E-03
