TABLE NO.     1: First Order Conditional Estimation with Interaction (No Prior): Problem=1 Subproblem=0 Superproblem1=0 Iteration1=0 Superproblem2=0 Iteration2=0
 NAME         THETA1       THETA2       THETA3       THETA4       THETA5       THETA6       THETA7       THETA8       SIGMA(1,1)   SIGMA(2,1)   SIGMA(2,2)   OMEGA(1,1)   OMEGA(2,1)   OMEGA(2,2)   OMEGA(3,1)   OMEGA(3,2)   OMEGA(3,3)   OMEGA(4,1)   OMEGA(4,2)   OMEGA(4,3)   OMEGA(4,4)   OMEGA(5,1)   OMEGA(5,2)   OMEGA(5,3)   OMEGA(5,4)   OMEGA(5,5)   OMEGA(6,1)   OMEGA(6,2)   OMEGA(6,3)   OMEGA(6,4)   OMEGA(6,5)   OMEGA(6,6)   OMEGA(7,1)   OMEGA(7,2)   OMEGA(7,3)   OMEGA(7,4)   OMEGA(7,5)   OMEGA(7,6)   OMEGA(7,7)   OMEGA(8,1)   OMEGA(8,2)   OMEGA(8,3)   OMEGA(8,4)   OMEGA(8,5)   OMEGA(8,6)   OMEGA(8,7)   OMEGA(8,8)
 THETA1        7.04385E-02 -1.75505E-01  2.10544E-01  1.11469E-01  1.52152E-01 -7.57251E-02  1.24358E-01  4.14690E-01  1.63500E-03  0.00000E+00  1.65641E-02  4.96205E-03  1.22344E-03 -3.29607E-03 -2.24351E-03 -1.76803E-02  2.11480E-03  5.50408E-03 -4.14150E-03 -2.78662E-02 -9.00496E-03 -5.07092E-03 -1.95747E-03  1.03635E-02 -4.18264E-03  1.30795E-03  3.73689E-03  6.46589E-03 -5.54320E-03  6.47832E-03  3.46012E-03 -5.07619E-03 -7.93328E-04 -4.20048E-03  1.46943E-02  5.47800E-03  7.31655E-03  2.16892E-05  1.37016E-03  4.41897E-03 -9.45892E-03 -1.41600E-02 -7.74741E-03 -2.45520E-03  4.41513E-03  5.76432E-03 -1.16766E-02
 THETA2       -1.75505E-01  7.97975E-02 -1.03635E-01  1.91642E-01  7.06304E-02 -5.22059E-02 -3.06060E-01  2.30326E-01 -3.15665E-02  0.00000E+00 -3.34312E-02 -1.58713E-01 -1.80105E-01 -9.92854E-03 -1.83729E-01  3.89852E-01 -1.12585E-02 -1.21854E-01 -1.95957E-01  2.20830E-04  1.55669E-02  7.51608E-02  2.15201E-02  2.53672E-01  8.10689E-02  1.15904E-01  1.61779E-01 -3.95822E-01 -1.27149E-01 -1.55787E-02  1.45766E-01 -2.32684E-02 -9.26554E-02  4.29308E-01 -1.78379E-01 -3.23743E-02 -6.73302E-02  4.91432E-02 -1.82628E-01 -3.13631E-01  3.97089E-01 -3.34910E-02  6.18692E-02  1.95114E-01 -3.53086E-01 -3.20519E-01  5.09844E-02
 THETA3        2.10544E-01 -1.03635E-01  5.01800E-02  6.10686E-02  2.09297E-02  9.87506E-02  1.66166E-01  3.26645E-01  1.49115E-02  0.00000E+00 -3.15992E-02  3.38825E-02  6.67793E-02 -1.38621E-02  7.84885E-02 -1.96738E-02 -8.53586E-02  2.79441E-02  7.23436E-02  1.99479E-01  1.07051E-01 -1.36699E-02  2.19009E-02 -1.40738E-01 -6.55243E-03 -4.72387E-02 -5.12584E-02  9.39656E-02  9.22630E-02 -2.40367E-02 -6.79759E-02  4.14962E-02  3.00535E-02 -8.65726E-02 -4.73432E-02 -3.08191E-02 -2.70333E-02 -1.42306E-02  3.88577E-02  8.34430E-02 -7.90442E-02  4.46080E-02  3.27735E-02 -5.42676E-02  1.01638E-01  6.30015E-02  3.27725E-02
 THETA4        1.11469E-01  1.91642E-01  6.10686E-02  7.04505E-02 -1.38306E-01  9.49910E-02 -3.24133E-01  2.15938E-01 -3.45045E-03  0.00000E+00 -3.09263E-03  2.11168E-02  3.40167E-02 -1.35275E-02  3.95871E-02 -2.51984E-02 -3.68751E-02  2.27064E-02  2.64381E-02  6.94285E-02  6.80659E-02 -8.26596E-03  8.58025E-03 -5.73569E-02 -1.28188E-02 -1.94249E-02 -2.51077E-02  5.66199E-02  3.67884E-02  6.06382E-03 -2.96621E-02  1.35852E-02  1.52770E-02 -4.48974E-02 -1.75061E-02 -1.71852E-02 -3.30891E-03 -6.68898E-03  2.02164E-02  4.66869E-02 -4.97520E-02  9.29900E-03  6.51041E-03 -2.67796E-02  5.59477E-02  3.68367E-02  5.24489E-03
 THETA5        1.52152E-01  7.06304E-02  2.09297E-02 -1.38306E-01  5.76620E-02 -3.35342E-01  1.90635E-01  9.21234E-02  9.16934E-03  0.00000E+00 -2.98153E-03  2.30111E-02  1.56895E-02 -7.51371E-03  2.56874E-02 -3.86543E-02 -1.73222E-03  1.52349E-02  2.99935E-02  3.14403E-02  9.86183E-03  1.08957E-02  9.20965E-03 -4.66790E-02  8.66802E-03 -3.86420E-02 -4.87558E-03  4.89793E-02  3.30144E-02  1.31844E-02 -2.56169E-02  3.64678E-02  2.24375E-02 -5.08427E-02  9.45917E-03  3.18752E-03 -9.97225E-03 -1.11101E-02  2.03729E-02  4.10238E-02 -4.66315E-02  2.26420E-02  6.07243E-03 -1.69415E-02  5.32731E-02  4.13145E-02  1.29791E-02
 THETA6       -7.57251E-02 -5.22059E-02  9.87506E-02  9.49910E-02 -3.35342E-01  6.86116E-02  5.66368E-02 -2.16883E-01  2.79086E-03  0.00000E+00  4.47572E-03  2.88386E-02  2.53823E-02 -1.46688E-02  3.14339E-02 -5.86213E-02  1.44620E-02  1.93434E-02  2.97650E-02 -1.00733E-03  7.27893E-03  1.00113E-02  2.35412E-03 -3.23097E-02  5.40734E-03 -3.80103E-02 -2.47393E-02  6.98778E-02  1.91832E-02  4.69390E-02 -4.24899E-02  9.54410E-03  2.55540E-02 -6.43782E-02  2.38709E-02  1.26708E-02  7.18335E-04 -4.70912E-02  3.06425E-02  5.30259E-02 -6.37889E-02  1.12605E-02  2.09214E-03 -1.67556E-02  5.81365E-02  5.58431E-02  7.61866E-04
 THETA7        1.24358E-01 -3.06060E-01  1.66166E-01 -3.24133E-01  1.90635E-01  5.66368E-02  6.58277E-02  2.56766E-01  1.20738E-02  0.00000E+00  6.83195E-03  3.45749E-02  3.92583E-02 -1.67134E-02  3.86546E-02 -7.85153E-02 -4.02464E-03  2.59167E-02  3.38520E-02  5.96867E-03 -2.46023E-03 -1.24226E-02  9.35217E-03 -5.67169E-02 -8.53953E-03 -3.16351E-02 -3.32309E-02  8.52706E-02  3.27358E-02  7.31291E-03 -3.35196E-02  8.05301E-03  2.22125E-02 -7.76231E-02  3.64273E-02  1.11905E-02  1.18815E-03 -6.56720E-03  3.11047E-02  6.79474E-02 -8.35730E-02  5.98541E-03 -7.12429E-03 -3.89490E-02  8.19216E-02  6.69066E-02 -4.10451E-03
 THETA8        4.14690E-01  2.30326E-01  3.26645E-01  2.15938E-01  9.21234E-02 -2.16883E-01  2.56766E-01  6.19312E-02  7.57194E-03  0.00000E+00  7.68352E-03  3.02209E-02  3.80613E-02  4.87630E-03  4.52825E-02 -6.51524E-02  4.94013E-04  2.51478E-02  5.17193E-02  3.31882E-02  6.89311E-03 -1.12340E-02  9.90156E-03 -6.86805E-02 -5.23391E-03 -3.19031E-02 -3.48228E-02  8.01207E-02  3.97217E-02  5.17685E-03 -3.74502E-02  1.02368E-02  2.22117E-02 -8.68604E-02  2.66020E-02  5.46187E-03 -3.51765E-03 -8.13591E-03  3.13630E-02  6.62632E-02 -7.22926E-02  2.80382E-02  7.21802E-03 -3.83748E-02  8.01012E-02  5.93496E-02  1.15647E-02
 SIGMA(1,1)    1.63500E-03 -3.15665E-02  1.49115E-02 -3.45045E-03  9.16934E-03  2.79086E-03  1.20738E-02  7.57194E-03  6.42899E-04  0.00000E+00 -1.94174E-02  2.27907E-02  5.01465E-02 -6.78813E-02  1.39782E-02 -7.23353E-02 -5.83446E-02  2.10309E-02  2.23939E-03 -3.60540E-02 -2.65474E-02 -1.67496E-02 -4.49779E-03 -1.74346E-02 -2.12273E-02 -1.69088E-02 -1.28754E-02  7.15015E-02  9.08354E-03  9.39248E-03 -1.44684E-02  9.71127E-04  5.19754E-03 -3.36342E-02  1.29587E-02  9.52345E-03  2.20724E-02 -6.57700E-03  1.80088E-02  3.91851E-02 -6.75792E-02 -2.96512E-02 -2.14768E-02 -3.43784E-02  5.92487E-02  4.39341E-02 -2.86547E-02
 SIGMA(2,1)    0.00000E+00  0.00000E+00  0.00000E+00  0.00000E+00  0.00000E+00  0.00000E+00  0.00000E+00  0.00000E+00  0.00000E+00  0.00000E+00  0.00000E+00  0.00000E+00  0.00000E+00  0.00000E+00  0.00000E+00  0.00000E+00  0.00000E+00  0.00000E+00  0.00000E+00  0.00000E+00  0.00000E+00  0.00000E+00  0.00000E+00  0.00000E+00  0.00000E+00  0.00000E+00  0.00000E+00  0.00000E+00  0.00000E+00  0.00000E+00  0.00000E+00  0.00000E+00  0.00000E+00  0.00000E+00  0.00000E+00  0.00000E+00  0.00000E+00  0.00000E+00  0.00000E+00  0.00000E+00  0.00000E+00  0.00000E+00  0.00000E+00  0.00000E+00  0.00000E+00  0.00000E+00  0.00000E+00
 SIGMA(2,2)    1.65641E-02 -3.34312E-02 -3.15992E-02 -3.09263E-03 -2.98153E-03  4.47572E-03  6.83195E-03  7.68352E-03 -1.94174E-02  0.00000E+00  1.22886E-03  1.84039E-02  3.66076E-02 -3.56988E-02  4.34791E-02 -5.44344E-02 -2.50817E-02  1.83944E-02 -1.01904E-02 -6.12474E-03 -5.00475E-03 -1.25011E-02  5.34415E-03 -7.65339E-03 -2.25389E-02 -2.40339E-02 -4.39934E-02  7.08709E-02  3.99013E-02  2.68038E-02 -2.40624E-02 -6.67569E-02  1.68328E-02 -2.52001E-02  2.80220E-03  1.85463E-02  1.10098E-02 -3.13277E-02  9.05693E-03  5.28873E-02 -5.70671E-02 -4.07587E-02  3.35642E-03 -3.56372E-02  5.39551E-02  3.16129E-02 -2.84227E-02
 OMEGA(1,1)    4.96205E-03 -1.58713E-01  3.38825E-02  2.11168E-02  2.30111E-02  2.88386E-02  3.45749E-02  3.02209E-02  2.27907E-02  0.00000E+00  1.84039E-02  5.35905E-02 -3.05777E-02 -6.97289E-02  4.34729E-01 -2.70332E-01  3.09284E-02  2.62139E-01  4.08780E-02  7.24664E-02  1.54912E-02  1.40451E-01 -2.25803E-02 -1.48485E-01 -2.18730E-02 -7.73467E-02 -2.41145E-01  2.98072E-01  8.66315E-02 -3.51799E-02 -1.61149E-01  2.67225E-02  2.43454E-01 -2.43821E-01  1.47703E-01  3.58471E-02  4.95083E-02 -6.09720E-02  1.31193E-01  6.12642E-01 -3.33425E-01  1.48898E-01  5.07218E-02 -4.97805E-02  2.14606E-01  2.76470E-01  1.67933E-01
 OMEGA(2,1)    1.22344E-03 -1.80105E-01  6.67793E-02  3.40167E-02  1.56895E-02  2.53823E-02  3.92583E-02  3.80613E-02  5.01465E-02  0.00000E+00  3.66076E-02 -3.05777E-02  4.06775E-02 -4.38118E-01  1.50756E-01 -1.85286E-01 -3.37923E-02  3.50121E-01  8.93229E-02  1.16839E-01  3.41312E-02 -3.44480E-02  1.05253E-01 -2.63102E-01 -5.46626E-02 -1.02358E-01 -2.09930E-01  4.51284E-01  1.62753E-01 -6.00549E-02 -1.94450E-01 -3.48732E-02 -1.52594E-01 -2.16010E-01  7.92978E-02  2.67295E-02  5.27980E-02 -4.67887E-02  1.46014E-01  5.16798E-01 -3.50143E-01  6.20217E-02  9.25633E-02 -1.24563E-01  3.66205E-01  3.05265E-01  1.38039E-01
 OMEGA(2,2)   -3.29607E-03 -9.92854E-03 -1.38621E-02 -1.35275E-02 -7.51371E-03 -1.46688E-02 -1.67134E-02  4.87630E-03 -6.78813E-02  0.00000E+00 -3.56988E-02 -6.97289E-02 -4.38118E-01  5.33730E-02 -8.79645E-02  1.64575E-01  4.25683E-02 -1.44583E-01  3.41491E-01 -1.70640E-02  7.81460E-02  2.87391E-02  1.69759E-01  1.77111E-01  1.18354E-01  1.10783E-01  1.27071E-01 -3.93708E-01 -1.03100E-01 -1.11475E-02  1.07296E-01  1.80702E-02  1.79825E-02 -8.95431E-02 -7.53708E-02 -1.15894E-01 -1.01907E-01  6.53357E-02 -4.73860E-02 -2.62550E-01  5.48527E-01  5.32269E-02  1.89118E-01  2.05494E-01 -3.18647E-01 -3.41062E-01  1.92026E-01
 OMEGA(3,1)   -2.24351E-03 -1.83729E-01  7.84885E-02  3.95871E-02  2.56874E-02  3.14339E-02  3.86546E-02  4.52825E-02  1.39782E-02  0.00000E+00  4.34791E-02  4.34729E-01  1.50756E-01 -8.79645E-02  2.77882E-02 -3.55820E-01  2.96211E-01  1.91256E-01  1.13833E-01  2.20428E-01  3.17768E-02 -3.78197E-02  3.37883E-02 -1.35437E-01 -4.03350E-02 -1.14922E-01 -1.25391E-01  3.55956E-01  1.36620E-01 -8.38260E-03 -1.80976E-01 -6.27543E-03  2.65199E-01 -3.05070E-01  2.13248E-01  2.64473E-02  3.81763E-02 -6.69979E-02  1.67008E-01  5.75317E-01 -3.80370E-01  4.51340E-01  6.33794E-02 -1.10969E-01  3.16636E-01  3.39488E-01  1.90712E-01
 OMEGA(3,2)   -1.76803E-02  3.89852E-01 -1.96738E-02 -2.51984E-02 -3.86543E-02 -5.86213E-02 -7.85153E-02 -6.51524E-02 -7.23353E-02  0.00000E+00 -5.44344E-02 -2.70332E-01 -1.85286E-01  1.64575E-01 -3.55820E-01  3.07555E-02 -4.75976E-02 -1.18199E-01 -1.09694E-01  1.65349E-01  4.19774E-02  1.36907E-01  6.53612E-02  4.19090E-01  1.40523E-01  1.64244E-01  2.30401E-01 -5.79154E-01 -1.82881E-01 -1.41220E-03  2.28398E-01 -3.56984E-03 -1.98004E-01  5.64595E-01 -3.84236E-01 -2.17122E-02 -1.01034E-01  6.00257E-02 -2.82459E-01 -4.26325E-01  6.99530E-01  2.28574E-01  1.82694E-01  3.45916E-01 -4.99310E-01 -4.67497E-01  2.39431E-01
 OMEGA(3,3)    2.11480E-03 -1.12585E-02 -8.53586E-02 -3.68751E-02 -1.73222E-03  1.44620E-02 -4.02464E-03  4.94013E-04 -5.83446E-02  0.00000E+00 -2.50817E-02  3.09284E-02 -3.37923E-02  4.25683E-02  2.96211E-01 -4.75976E-02  2.46560E-02 -1.67871E-02  4.36178E-02  7.94071E-03 -4.38623E-02  1.30085E-02 -1.94937E-02 -3.74108E-02  1.22814E-03  5.76216E-03  3.52878E-02 -1.00885E-02  1.16438E-01  3.14194E-03 -1.85310E-02  1.75147E-02  5.50175E-02 -4.16606E-02  2.03248E-01 -1.47899E-02  2.70270E-04  4.97988E-02  4.33322E-02  5.12752E-02 -1.37776E-02  4.76399E-01  2.25472E-02  5.50638E-04  3.97180E-02  6.73272E-02  1.17892E-01
 OMEGA(4,1)    5.50408E-03 -1.21854E-01  2.79441E-02  2.27064E-02  1.52349E-02  1.93434E-02  2.59167E-02  2.51478E-02  2.10309E-02  0.00000E+00  1.83944E-02  2.62139E-01  3.50121E-01 -1.44583E-01  1.91256E-01 -1.18199E-01 -1.67871E-02  3.68277E-02 -7.37948E-02  2.70939E-01  1.75488E-01 -1.62104E-01  8.04023E-02 -1.41527E-01  9.56794E-02 -9.08993E-02 -1.92829E-02  2.08661E-01  9.61729E-02 -9.01371E-02 -7.21631E-02 -2.39835E-02 -2.30742E-01 -1.06025E-01  1.06862E-02  9.35740E-02 -3.31611E-02 -3.34514E-03  3.69391E-02  3.84924E-01 -1.89978E-01  9.01533E-02  4.27617E-01 -1.08808E-01  1.97963E-01  9.86154E-02  1.36730E-01
 OMEGA(4,2)   -4.14150E-03 -1.95957E-01  7.23436E-02  2.64381E-02  2.99935E-02  2.97650E-02  3.38520E-02  5.17193E-02  2.23939E-03  0.00000E+00 -1.01904E-02  4.08780E-02  8.93229E-02  3.41491E-01  1.13833E-01 -1.09694E-01  4.36178E-02 -7.37948E-02  3.53715E-02  4.95815E-03  3.40873E-01  2.48449E-03 -5.04355E-02 -1.52772E-01  6.88963E-02 -9.31945E-02 -9.14550E-02  1.38603E-01  8.08645E-02 -5.66834E-03 -1.08569E-01  7.29515E-02  7.52989E-02 -4.47127E-01  8.68814E-02 -3.24428E-01 -2.42058E-02 -1.76209E-02  1.95402E-01  1.50383E-01 -1.52333E-02  8.58317E-02  4.14540E-01 -9.60727E-02  1.54856E-01  1.49401E-03  1.41108E-01
 OMEGA(4,3)   -2.78662E-02  2.20830E-04  1.99479E-01  6.94285E-02  3.14403E-02 -1.00733E-03  5.96867E-03  3.31882E-02 -3.60540E-02  0.00000E+00 -6.12474E-03  7.24664E-02  1.16839E-01 -1.70640E-02  2.20428E-01  1.65349E-01  7.94071E-03  2.70939E-01  4.95815E-03  2.57293E-02  8.72822E-02 -3.67317E-02  7.39713E-02 -2.75388E-01  6.09336E-03 -5.19970E-02 -1.89981E-02  7.03546E-02  2.65930E-01  8.02416E-02 -1.19706E-01  1.00079E-01 -2.46081E-02 -1.41731E-02 -2.97070E-01  1.21436E-01 -8.79896E-02 -2.61154E-02 -4.01292E-02  1.55479E-01 -2.35070E-02  2.53110E-01  3.59256E-01 -9.11089E-02  1.38991E-01  8.25046E-04  1.60290E-01
 OMEGA(4,4)   -9.00496E-03  1.55669E-02  1.07051E-01  6.80659E-02  9.86183E-03  7.27893E-03 -2.46023E-03  6.89311E-03 -2.65474E-02  0.00000E+00 -5.00475E-03  1.54912E-02  3.41312E-02  7.81460E-02  3.17768E-02  4.19774E-02 -4.38623E-02  1.75488E-01  3.40873E-01  8.72822E-02  5.08723E-02 -1.96595E-02 -1.68248E-02 -7.46976E-03 -1.78417E-01  1.18077E-02  1.91419E-02 -1.91629E-02  1.47370E-02  1.07674E-01 -2.78951E-02  1.66387E-02 -4.94997E-02 -7.12709E-02 -2.13029E-02 -4.42593E-01  3.60081E-02 -3.27537E-02  9.36584E-02  3.06963E-02  6.10875E-02  2.87637E-02  3.10325E-01 -2.05287E-02 -1.56191E-04 -8.16507E-02  7.28172E-02
 OMEGA(5,1)   -5.07092E-03  7.51608E-02 -1.36699E-02 -8.26596E-03  1.08957E-02  1.00113E-02 -1.24226E-02 -1.12340E-02 -1.67496E-02  0.00000E+00 -1.25011E-02  1.40451E-01 -3.44480E-02  2.87391E-02 -3.78197E-02  1.36907E-01  1.30085E-02 -1.62104E-01  2.48449E-03 -3.67317E-02 -1.96595E-02  2.93224E-02 -1.70147E-01  2.43550E-01  1.30888E-01  2.44299E-01 -2.53218E-01 -1.26523E-01 -1.21001E-01 -4.28612E-03 -5.63844E-02  6.45837E-02  1.68607E-01  9.82125E-02 -2.00177E-02 -3.17946E-04  1.13168E-01 -3.49905E-02 -3.27094E-02 -3.46440E-02  1.61951E-01  2.15849E-02 -2.46102E-02  4.54493E-01 -2.19128E-01 -4.99799E-02  5.92308E-02
 OMEGA(5,2)   -1.95747E-03  2.15201E-02  2.19009E-02  8.58025E-03  9.20965E-03  2.35412E-03  9.35217E-03  9.90156E-03 -4.49779E-03  0.00000E+00  5.34415E-03 -2.25803E-02  1.05253E-01  1.69759E-01  3.37883E-02  6.53612E-02 -1.94937E-02  8.04023E-02 -5.04355E-02  7.39713E-02 -1.68248E-02 -1.70147E-01  2.58991E-02 -5.95394E-02  2.76021E-01  1.60280E-01  2.54778E-02 -1.27378E-01  6.02819E-02 -7.67054E-02 -5.91450E-02  1.25654E-02 -5.25873E-02  1.07006E-01 -2.27002E-02  6.10519E-02 -2.96797E-01  5.54625E-02 -7.85213E-02  6.68298E-02  9.02398E-02  6.03627E-02  1.14841E-02  3.62049E-01 -6.89348E-02  2.03848E-02  1.09082E-01
 OMEGA(5,3)    1.03635E-02  2.53672E-01 -1.40738E-01 -5.73569E-02 -4.66790E-02 -3.23097E-02 -5.67169E-02 -6.86805E-02 -1.74346E-02  0.00000E+00 -7.65339E-03 -1.48485E-01 -2.63102E-01  1.77111E-01 -1.35437E-01  4.19090E-01 -3.74108E-02 -1.41527E-01 -1.52772E-01 -2.75388E-01 -7.46976E-03  2.43550E-01 -5.95394E-02  2.82241E-02  9.32832E-02  1.97050E-01  1.71435E-01 -4.49620E-01 -5.78144E-01  3.43224E-03  3.68330E-01 -2.23926E-01 -6.41642E-02  4.20115E-01 -3.16657E-02 -1.47766E-02  1.03288E-01 -3.43240E-02 -1.97143E-01 -3.34891E-01  5.00158E-01 -6.20156E-02  1.43767E-02  4.89225E-01 -5.56553E-01 -3.54345E-01  5.83875E-03
 OMEGA(5,4)   -4.18264E-03  8.10689E-02 -6.55243E-03 -1.28188E-02  8.66802E-03  5.40734E-03 -8.53953E-03 -5.23391E-03 -2.12273E-02  0.00000E+00 -2.25389E-02 -2.18730E-02 -5.46626E-02  1.18354E-01 -4.03350E-02  1.40523E-01  1.22814E-03  9.56794E-02  6.88963E-02  6.09336E-03 -1.78417E-01  1.30888E-01  2.76021E-01  9.32832E-02  2.91721E-02 -1.51491E-01  2.86633E-02 -1.95894E-01 -4.99408E-02 -3.35960E-01  1.50003E-01 -1.81711E-03 -4.21271E-02  9.82097E-02 -2.54240E-02  2.10616E-01 -3.74254E-01  1.48949E-01 -1.29105E-01 -6.20149E-02  1.73425E-01  4.27065E-02  1.08448E-01  2.61579E-01 -1.61233E-01 -9.69781E-02  8.58466E-02
 OMEGA(5,5)    1.30795E-03  1.15904E-01 -4.72387E-02 -1.94249E-02 -3.86420E-02 -3.80103E-02 -3.16351E-02 -3.19031E-02 -1.69088E-02  0.00000E+00 -2.40339E-02 -7.73467E-02 -1.02358E-01  1.10783E-01 -1.14922E-01  1.64244E-01  5.76216E-03 -9.08993E-02 -9.31945E-02 -5.19970E-02  1.18077E-02  2.44299E-01  1.60280E-01  1.97050E-01 -1.51491E-01  3.41234E-02  5.20283E-02 -2.47405E-01 -1.07317E-01  9.81364E-02 -3.17983E-01  5.84435E-02 -2.89189E-02  1.86815E-01 -7.73427E-02 -3.13536E-02  2.32045E-01 -5.43123E-02 -6.58517E-02 -1.76588E-01  2.24021E-01 -1.30648E-02  1.77538E-02  2.29975E-01 -2.17234E-01 -1.52808E-01  1.75459E-02
 OMEGA(6,1)    3.73689E-03  1.61779E-01 -5.12584E-02 -2.51077E-02 -4.87558E-03 -2.47393E-02 -3.32309E-02 -3.48228E-02 -1.28754E-02  0.00000E+00 -4.39934E-02 -2.41145E-01 -2.09930E-01  1.27071E-01 -1.25391E-01  2.30401E-01  3.52878E-02 -1.92829E-02 -9.14550E-02 -1.89981E-02  1.91419E-02 -2.53218E-01  2.54778E-02  1.71435E-01  2.86633E-02  5.20283E-02  3.75279E-02 -4.17466E-01  2.40837E-02  1.09660E-01  3.46780E-01 -1.08661E-01 -7.42406E-02  2.47732E-01 -9.28318E-02  2.23124E-03 -4.48731E-02  1.80770E-01 -1.32493E-01 -4.52588E-01  3.53768E-01 -3.96684E-02  4.55345E-02  2.76476E-04 -4.86473E-02 -2.68803E-01 -1.16857E-01
 OMEGA(6,2)    6.46589E-03 -3.95822E-01  9.39656E-02  5.66199E-02  4.89793E-02  6.98778E-02  8.52706E-02  8.01207E-02  7.15015E-02  0.00000E+00  7.08709E-02  2.98072E-01  4.51284E-01 -3.93708E-01  3.55956E-01 -5.79154E-01 -1.00885E-02  2.08661E-01  1.38603E-01  7.03546E-02 -1.91629E-02 -1.26523E-01 -1.27378E-01 -4.49620E-01 -1.95894E-01 -2.47405E-01 -4.17466E-01  6.98144E-02  2.27258E-01  8.37925E-02 -2.68340E-01  5.17724E-03  1.74083E-01 -5.53946E-01  2.30926E-01  5.88476E-02  1.72503E-01 -2.33197E-01  3.01172E-01  6.01089E-01 -8.65006E-01  1.91061E-02 -1.44646E-01 -4.18805E-01  7.78235E-01  6.38042E-01 -1.77867E-01
 OMEGA(6,3)   -5.54320E-03 -1.27149E-01  9.22630E-02  3.67884E-02  3.30144E-02  1.91832E-02  3.27358E-02  3.97217E-02  9.08354E-03  0.00000E+00  3.99013E-02  8.66315E-02  1.62753E-01 -1.03100E-01  1.36620E-01 -1.82881E-01  1.16438E-01  9.61729E-02  8.08645E-02  2.65930E-01  1.47370E-02 -1.21001E-01  6.02819E-02 -5.78144E-01 -4.99408E-02 -1.07317E-01  2.40837E-02  2.27258E-01  2.66734E-02  3.80618E-02 -2.25591E-01  2.25924E-01  8.36187E-02 -2.12349E-01  2.02126E-02  2.96292E-02 -9.22897E-02  1.03954E-01  9.70259E-02  1.83370E-01 -2.44960E-01 -9.54706E-02  5.10339E-02 -2.87742E-01  4.37189E-01  1.56376E-01 -6.57190E-02
 OMEGA(6,4)    6.47832E-03 -1.55787E-02 -2.40367E-02  6.06382E-03  1.31844E-02  4.69390E-02  7.31291E-03  5.17685E-03  9.39248E-03  0.00000E+00  2.68038E-02 -3.51799E-02 -6.00549E-02 -1.11475E-02 -8.38260E-03 -1.41220E-03  3.14194E-03 -9.01371E-02 -5.66834E-03  8.02416E-02  1.07674E-01 -4.28612E-03 -7.67054E-02  3.43224E-03 -3.35960E-01  9.81364E-02  1.09660E-01  8.37925E-02  3.80618E-02  3.34425E-02 -1.04270E-01  1.04424E-01  3.61067E-02  1.07539E-02 -7.43739E-02  8.69285E-02  9.39770E-02 -2.69085E-01 -5.50175E-02 -6.92952E-02 -2.29495E-02 -1.27336E-02 -1.90822E-01 -3.82325E-02  9.10974E-02  3.54917E-02 -1.32926E-01
 OMEGA(6,5)    3.46012E-03  1.45766E-01 -6.79759E-02 -2.96621E-02 -2.56169E-02 -4.24899E-02 -3.35196E-02 -3.74502E-02 -1.44684E-02  0.00000E+00 -2.40624E-02 -1.61149E-01 -1.94450E-01  1.07296E-01 -1.80976E-01  2.28398E-01 -1.85310E-02 -7.21631E-02 -1.08569E-01 -1.19706E-01 -2.78951E-02 -5.63844E-02 -5.91450E-02  3.68330E-01  1.50003E-01 -3.17983E-01  3.46780E-01 -2.68340E-01 -2.25591E-01 -1.04270E-01  3.16693E-02 -4.72817E-01 -1.12043E-01  2.57037E-01 -1.04819E-01  9.54688E-03 -1.74482E-02  2.03556E-01 -1.37370E-01 -3.13871E-01  2.87124E-01 -7.02920E-02  3.47017E-02 -4.71034E-03 -2.10782E-01 -2.58986E-01 -6.66301E-02
 OMEGA(6,6)   -5.07619E-03 -2.32684E-02  4.14962E-02  1.35852E-02  3.64678E-02  9.54410E-03  8.05301E-03  1.02368E-02  9.71127E-04  0.00000E+00 -6.67569E-02  2.67225E-02 -3.48732E-02  1.80702E-02 -6.27543E-03 -3.56984E-03  1.75147E-02 -2.39835E-02  7.29515E-02  1.00079E-01  1.66387E-02  6.45837E-02  1.25654E-02 -2.23926E-01 -1.81711E-03  5.84435E-02 -1.08661E-01  5.17724E-03  2.25924E-01  1.04424E-01 -4.72817E-01  5.03127E-02  3.34802E-02 -5.76213E-02  1.45384E-02 -2.87199E-02 -7.11433E-02  6.34132E-02  4.04240E-02  3.19607E-02 -2.23250E-02  2.26382E-02 -6.08355E-02  3.19129E-02 -1.29672E-01  2.73121E-02  7.48159E-02
 OMEGA(7,1)   -7.93328E-04 -9.26554E-02  3.00535E-02  1.52770E-02  2.24375E-02  2.55540E-02  2.22125E-02  2.22117E-02  5.19754E-03  0.00000E+00  1.68328E-02  2.43454E-01 -1.52594E-01  1.79825E-02  2.65199E-01 -1.98004E-01  5.50175E-02 -2.30742E-01  7.52989E-02 -2.46081E-02 -4.94997E-02  1.68607E-01 -5.25873E-02 -6.41642E-02 -4.21271E-02 -2.89189E-02 -7.42406E-02  1.74083E-01  8.36187E-02  3.61067E-02 -1.12043E-01  3.34802E-02  3.39109E-02 -2.76052E-01  2.91681E-01  7.81343E-02  1.60864E-01 -1.17961E-01  2.20876E-01  3.46335E-01 -2.30655E-01  1.44700E-01 -1.07945E-01  3.00222E-02  1.40896E-01  4.39791E-01  1.50676E-01
 OMEGA(7,2)   -4.20048E-03  4.29308E-01 -8.65726E-02 -4.48974E-02 -5.08427E-02 -6.43782E-02 -7.76231E-02 -8.68604E-02 -3.36342E-02  0.00000E+00 -2.52001E-02 -2.43821E-01 -2.16010E-01 -8.95431E-02 -3.05070E-01  5.64595E-01 -4.16606E-02 -1.06025E-01 -4.47127E-01 -1.41731E-02 -7.12709E-02  9.82125E-02  1.07006E-01  4.20115E-01  9.82097E-02  1.86815E-01  2.47732E-01 -5.53946E-01 -2.12349E-01  1.07539E-02  2.57037E-01 -5.76213E-02 -2.76052E-01  4.53441E-02 -3.07963E-01  2.05259E-01 -2.67132E-02  7.46894E-02 -5.16891E-01 -4.52047E-01  6.07772E-01 -5.32923E-02  2.38709E-02  3.35436E-01 -4.92153E-01 -3.06055E-01  1.13817E-01
 OMEGA(7,3)    1.46943E-02 -1.78379E-01 -4.73432E-02 -1.75061E-02  9.45917E-03  2.38709E-02  3.64273E-02  2.66020E-02  1.29587E-02  0.00000E+00  2.80220E-03  1.47703E-01  7.92978E-02 -7.53708E-02  2.13248E-01 -3.84236E-01  2.03248E-01  1.06862E-02  8.68814E-02 -2.97070E-01 -2.13029E-02 -2.00177E-02 -2.27002E-02 -3.16657E-02 -2.54240E-02 -7.73427E-02 -9.28318E-02  2.30926E-01  2.02126E-02 -7.43739E-02 -1.04819E-01  1.45384E-02  2.91681E-01 -3.07963E-01  2.38768E-02 -3.18580E-02  7.51857E-02  1.01159E-01  3.33896E-01  2.66424E-01 -3.12671E-01  2.83825E-01 -1.52592E-01 -4.63674E-02  2.36482E-01  4.77939E-01  1.12490E-01
 OMEGA(7,4)    5.47800E-03 -3.23743E-02 -3.08191E-02 -1.71852E-02  3.18752E-03  1.26708E-02  1.11905E-02  5.46187E-03  9.52345E-03  0.00000E+00  1.85463E-02  3.58471E-02  2.67295E-02 -1.15894E-01  2.64473E-02 -2.17122E-02 -1.47899E-02  9.35740E-02 -3.24428E-01  1.21436E-01 -4.42593E-01 -3.17946E-04  6.10519E-02 -1.47766E-02  2.10616E-01 -3.13536E-02  2.23124E-03  5.88476E-02  2.96292E-02  8.69285E-02  9.54688E-03 -2.87199E-02  7.81343E-02  2.05259E-01 -3.18580E-02  3.35600E-02 -1.47256E-01  3.27404E-02 -3.96478E-01  7.00224E-02 -4.45503E-02 -1.13707E-03  7.78091E-02  1.09007E-02  4.98341E-02  1.39957E-01  5.04914E-02
 OMEGA(7,5)    7.31655E-03 -6.73302E-02 -2.70333E-02 -3.30891E-03 -9.97225E-03  7.18335E-04  1.18815E-03 -3.51765E-03  2.20724E-02  0.00000E+00  1.10098E-02  4.95083E-02  5.27980E-02 -1.01907E-01  3.81763E-02 -1.01034E-01  2.70270E-04 -3.31611E-02 -2.42058E-02 -8.79896E-02  3.60081E-02  1.13168E-01 -2.96797E-01  1.03288E-01 -3.74254E-01  2.32045E-01 -4.48731E-02  1.72503E-01 -9.22897E-02  9.39770E-02 -1.74482E-02 -7.11433E-02  1.60864E-01 -2.67132E-02  7.51857E-02 -1.47256E-01  2.79917E-02 -3.48961E-01  2.65016E-01  8.23338E-02 -1.15921E-01 -3.33461E-02 -7.49293E-02  2.03965E-01  1.98001E-02  1.69686E-01 -4.73413E-02
 OMEGA(7,6)    2.16892E-05  4.91432E-02 -1.42306E-02 -6.68898E-03 -1.11101E-02 -4.70912E-02 -6.56720E-03 -8.13591E-03 -6.57700E-03  0.00000E+00 -3.13277E-02 -6.09720E-02 -4.67887E-02  6.53357E-02 -6.69979E-02  6.00257E-02  4.97988E-02 -3.34514E-03 -1.76209E-02 -2.61154E-02 -3.27537E-02 -3.49905E-02  5.54625E-02 -3.43240E-02  1.48949E-01 -5.43123E-02  1.80770E-01 -2.33197E-01  1.03954E-01 -2.69085E-01  2.03556E-01  6.34132E-02 -1.17961E-01  7.46894E-02  1.01159E-01  3.27404E-02 -3.48961E-01  3.13109E-02  2.70408E-02 -1.37114E-01  1.58852E-01  2.66767E-02  1.02356E-01 -1.01412E-01  8.08127E-02 -2.49176E-01 -5.88707E-02
 OMEGA(7,7)    1.37016E-03 -1.82628E-01  3.88577E-02  2.02164E-02  2.03729E-02  3.06425E-02  3.11047E-02  3.13630E-02  1.80088E-02  0.00000E+00  9.05693E-03  1.31193E-01  1.46014E-01 -4.73860E-02  1.67008E-01 -2.82459E-01  4.33322E-02  3.69391E-02  1.95402E-01 -4.01292E-02  9.36584E-02 -3.27094E-02 -7.85213E-02 -1.97143E-01 -1.29105E-01 -6.58517E-02 -1.32493E-01  3.01172E-01  9.70259E-02 -5.50175E-02 -1.37370E-01  4.04240E-02  2.20876E-01 -5.16891E-01  3.33896E-01 -3.96478E-01  2.65016E-01  2.70408E-02  4.60033E-02  2.62247E-01 -3.50260E-01  9.33294E-02 -1.15899E-01 -9.35430E-02  2.84904E-01  4.68438E-01  2.54662E-02
 OMEGA(8,1)    4.41897E-03 -3.13631E-01  8.34430E-02  4.66869E-02  4.10238E-02  5.30259E-02  6.79474E-02  6.62632E-02  3.91851E-02  0.00000E+00  5.28873E-02  6.12642E-01  5.16798E-01 -2.62550E-01  5.75317E-01 -4.26325E-01  5.12752E-02  3.84924E-01  1.50383E-01  1.55479E-01  3.06963E-02 -3.46440E-02  6.68298E-02 -3.34891E-01 -6.20149E-02 -1.76588E-01 -4.52588E-01  6.01089E-01  1.83370E-01 -6.92952E-02 -3.13871E-01  3.19607E-02  3.46335E-01 -4.52047E-01  2.66424E-01  7.00224E-02  8.23338E-02 -1.37114E-01  2.62247E-01  5.10474E-02 -5.94110E-01  2.81075E-01  1.11034E-01 -1.45789E-01  4.25116E-01  5.61739E-01  3.65844E-01
 OMEGA(8,2)   -9.45892E-03  3.97089E-01 -7.90442E-02 -4.97520E-02 -4.66315E-02 -6.37889E-02 -8.35730E-02 -7.22926E-02 -6.75792E-02  0.00000E+00 -5.70671E-02 -3.33425E-01 -3.50143E-01  5.48527E-01 -3.80370E-01  6.99530E-01 -1.37776E-02 -1.89978E-01 -1.52333E-02 -2.35070E-02  6.10875E-02  1.61951E-01  9.02398E-02  5.00158E-01  1.73425E-01  2.24021E-01  3.53768E-01 -8.65006E-01 -2.44960E-01 -2.29495E-02  2.87124E-01 -2.23250E-02 -2.30655E-01  6.07772E-01 -3.12671E-01 -4.45503E-02 -1.15921E-01  1.58852E-01 -3.50260E-01 -5.94110E-01  6.76175E-02  1.46616E-02  2.77636E-01  4.32193E-01 -7.06051E-01 -6.55133E-01  3.23106E-01
 OMEGA(8,3)   -1.41600E-02 -3.34910E-02  4.46080E-02  9.29900E-03  2.26420E-02  1.12605E-02  5.98541E-03  2.80382E-02 -2.96512E-02  0.00000E+00 -4.07587E-02  1.48898E-01  6.20217E-02  5.32269E-02  4.51340E-01  2.28574E-01  4.76399E-01  9.01533E-02  8.58317E-02  2.53110E-01  2.87637E-02  2.15849E-02  6.03627E-02 -6.20156E-02  4.27065E-02 -1.30648E-02 -3.96684E-02  1.91061E-02 -9.54706E-02 -1.27336E-02 -7.02920E-02  2.26382E-02  1.44700E-01 -5.32923E-02  2.83825E-01 -1.13707E-03 -3.33461E-02  2.66767E-02  9.33294E-02  2.81075E-01  1.46616E-02  2.39651E-02  1.29656E-01  4.34462E-02  6.05348E-02  2.13765E-01  5.09089E-01
 OMEGA(8,4)   -7.74741E-03  6.18692E-02  3.27735E-02  6.51041E-03  6.07243E-03  2.09214E-03 -7.12429E-03  7.21802E-03 -2.14768E-02  0.00000E+00  3.35642E-03  5.07218E-02  9.25633E-02  1.89118E-01  6.33794E-02  1.82694E-01  2.25472E-02  4.27617E-01  4.14540E-01  3.59256E-01  3.10325E-01 -2.46102E-02  1.14841E-02  1.43767E-02  1.08448E-01  1.77538E-02  4.55345E-02 -1.44646E-01  5.10339E-02 -1.90822E-01  3.47017E-02 -6.08355E-02 -1.07945E-01  2.38709E-02 -1.52592E-01  7.78091E-02 -7.49293E-02  1.02356E-01 -1.15899E-01  1.11034E-01  2.77636E-01  1.29656E-01  3.05846E-02 -1.98237E-03 -8.49466E-02 -2.52918E-01  3.83010E-01
 OMEGA(8,5)   -2.45520E-03  1.95114E-01 -5.42676E-02 -2.67796E-02 -1.69415E-02 -1.67556E-02 -3.89490E-02 -3.83748E-02 -3.43784E-02  0.00000E+00 -3.56372E-02 -4.97805E-02 -1.24563E-01  2.05494E-01 -1.10969E-01  3.45916E-01  5.50638E-04 -1.08808E-01 -9.60727E-02 -9.11089E-02 -2.05287E-02  4.54493E-01  3.62049E-01  4.89225E-01  2.61579E-01  2.29975E-01  2.76476E-04 -4.18805E-01 -2.87742E-01 -3.82325E-02 -4.71034E-03  3.19129E-02  3.00222E-02  3.35436E-01 -4.63674E-02  1.09007E-02  2.03965E-01 -1.01412E-01 -9.35430E-02 -1.45789E-01  4.32193E-01  4.34462E-02 -1.98237E-03  2.73689E-02 -5.31623E-01 -1.46287E-01  1.83331E-01
 OMEGA(8,6)    4.41513E-03 -3.53086E-01  1.01638E-01  5.59477E-02  5.32731E-02  5.81365E-02  8.19216E-02  8.01012E-02  5.92487E-02  0.00000E+00  5.39551E-02  2.14606E-01  3.66205E-01 -3.18647E-01  3.16636E-01 -4.99310E-01  3.97180E-02  1.97963E-01  1.54856E-01  1.38991E-01 -1.56191E-04 -2.19128E-01 -6.89348E-02 -5.56553E-01 -1.61233E-01 -2.17234E-01 -4.86473E-02  7.78235E-01  4.37189E-01  9.10974E-02 -2.10782E-01 -1.29672E-01  1.40896E-01 -4.92153E-01  2.36482E-01  4.98341E-02  1.98001E-02  8.08127E-02  2.84904E-01  4.25116E-01 -7.06051E-01  6.05348E-02 -8.49466E-02 -5.31623E-01  4.77504E-02  5.09043E-01 -2.81727E-01
 OMEGA(8,7)    5.76432E-03 -3.20519E-01  6.30015E-02  3.68367E-02  4.13145E-02  5.58431E-02  6.69066E-02  5.93496E-02  4.39341E-02  0.00000E+00  3.16129E-02  2.76470E-01  3.05265E-01 -3.41062E-01  3.39488E-01 -4.67497E-01  6.73272E-02  9.86154E-02  1.49401E-03  8.25046E-04 -8.16507E-02 -4.99799E-02  2.03848E-02 -3.54345E-01 -9.69781E-02 -1.52808E-01 -2.68803E-01  6.38042E-01  1.56376E-01  3.54917E-02 -2.58986E-01  2.73121E-02  4.39791E-01 -3.06055E-01  4.77939E-01  1.39957E-01  1.69686E-01 -2.49176E-01  4.68438E-01  5.61739E-01 -6.55133E-01  2.13765E-01 -2.52918E-01 -1.46287E-01  5.09043E-01  3.99385E-02  1.83602E-01
 OMEGA(8,8)   -1.16766E-02  5.09844E-02  3.27725E-02  5.24489E-03  1.29791E-02  7.61866E-04 -4.10451E-03  1.15647E-02 -2.86547E-02  0.00000E+00 -2.84227E-02  1.67933E-01  1.38039E-01  1.92026E-01  1.90712E-01  2.39431E-01  1.17892E-01  1.36730E-01  1.41108E-01  1.60290E-01  7.28172E-02  5.92308E-02  1.09082E-01  5.83875E-03  8.58466E-02  1.75459E-02 -1.16857E-01 -1.77867E-01 -6.57190E-02 -1.32926E-01 -6.66301E-02  7.48159E-02  1.50676E-01  1.13817E-01  1.12490E-01  5.04914E-02 -4.73413E-02 -5.88707E-02  2.54662E-02  3.65844E-01  3.23106E-01  5.09089E-01  3.83010E-01  1.83331E-01 -2.81727E-01  1.83602E-01  4.31710E-02
