TABLE NO.     1: First Order Conditional Estimation with Interaction (No Prior): Problem=1 Subproblem=0 Superproblem1=0 Iteration1=0 Superproblem2=0 Iteration2=0
 NAME         THETA1       THETA2       THETA3       THETA4       THETA5       THETA6       THETA7       THETA8       SIGMA(1,1)   SIGMA(2,1)   SIGMA(2,2)   OMEGA(1,1)   OMEGA(2,1)   OMEGA(2,2)   OMEGA(3,1)   OMEGA(3,2)   OMEGA(3,3)   OMEGA(4,1)   OMEGA(4,2)   OMEGA(4,3)   OMEGA(4,4)   OMEGA(5,1)   OMEGA(5,2)   OMEGA(5,3)   OMEGA(5,4)   OMEGA(5,5)   OMEGA(6,1)   OMEGA(6,2)   OMEGA(6,3)   OMEGA(6,4)   OMEGA(6,5)   OMEGA(6,6)   OMEGA(7,1)   OMEGA(7,2)   OMEGA(7,3)   OMEGA(7,4)   OMEGA(7,5)   OMEGA(7,6)   OMEGA(7,7)   OMEGA(8,1)   OMEGA(8,2)   OMEGA(8,3)   OMEGA(8,4)   OMEGA(8,5)   OMEGA(8,6)   OMEGA(8,7)   OMEGA(8,8)
 THETA1        4.96159E-03 -9.86484E-04  7.44189E-04  5.53155E-04  6.17986E-04 -3.65972E-04  5.76625E-04  1.80902E-03  7.40407E-08  0.00000E+00  1.43377E-06  1.87309E-05  3.50549E-06 -1.23916E-05 -4.39136E-06 -3.83022E-05  3.67284E-06  1.42781E-05 -1.03186E-05 -5.05028E-05 -3.22681E-05 -1.04736E-05 -3.57100E-06  2.06033E-05 -8.59466E-06  3.14380E-06  9.87815E-06  3.17968E-05 -1.04148E-05  1.52606E-05  7.71861E-06 -1.79898E-05 -1.89497E-06 -1.34162E-05  2.47135E-05  1.29496E-05  1.44260E-05  4.78355E-08  4.43988E-06  1.58893E-05 -4.50517E-05 -2.39031E-05 -1.66905E-05 -4.73319E-06  1.48502E-05  1.62162E-05 -3.55074E-05
 THETA2       -9.86484E-04  6.36764E-03 -4.14980E-04  1.07737E-03  3.24991E-04 -2.85829E-04 -1.60770E-03  1.13826E-03 -1.61942E-06  0.00000E+00 -3.27825E-06 -6.78720E-04 -5.84616E-04 -4.22859E-05 -4.07406E-04  9.56779E-04 -2.21511E-05 -3.58100E-04 -5.53099E-04  4.53393E-07  6.31936E-05  1.75865E-04  4.44752E-05  5.71324E-04  1.88717E-04  3.15601E-04  4.84468E-04 -2.20513E-03 -2.70633E-04 -4.15738E-05  3.68371E-04 -9.34184E-05 -2.50726E-04  1.55339E-03 -3.39866E-04 -8.66985E-05 -1.50394E-04  1.22786E-04 -6.70418E-04 -1.27756E-03  2.14257E-03 -6.40467E-05  1.50996E-04  4.26123E-04 -1.34539E-03 -1.02149E-03  1.75638E-04
 THETA3        7.44189E-04 -4.14980E-04  2.51803E-03  2.15890E-04  6.05597E-05  3.39991E-04  5.48886E-04  1.01512E-03  4.81057E-07  0.00000E+00 -1.94853E-06  9.11158E-05  1.36310E-04 -3.71263E-05  1.09445E-04 -3.03628E-05 -1.05609E-04  5.16410E-05  1.28406E-04  2.57546E-04  2.73277E-04 -2.01139E-05  2.84628E-05 -1.99325E-04 -9.59181E-06 -8.08873E-05 -9.65273E-05  3.29188E-04  1.23491E-04 -4.03371E-05 -1.08025E-04  1.04765E-04  5.11404E-05 -1.96985E-04 -5.67236E-05 -5.19007E-05 -3.79717E-05 -2.23589E-05  8.97008E-05  2.13744E-04 -2.68200E-04  5.36442E-05  5.02986E-05 -7.45294E-05  2.43535E-04  1.26262E-04  7.09958E-05
 THETA4        5.53155E-04  1.07737E-03  2.15890E-04  4.96327E-03 -5.61842E-04  4.59160E-04 -1.50320E-03  9.42154E-04 -1.56280E-07  0.00000E+00 -2.67740E-07  7.97259E-05  9.74835E-05 -5.08654E-05  7.74995E-05 -5.45984E-05 -6.40531E-05  5.89123E-05  6.58823E-05  1.25849E-04  2.43946E-04 -1.70756E-05  1.56556E-05 -1.14049E-04 -2.63450E-05 -4.66976E-05 -6.63812E-05  2.78482E-04  6.91311E-05  1.42866E-05 -6.61794E-05  4.81536E-05  3.64974E-05 -1.43425E-04 -2.94475E-05 -4.06313E-05 -6.52528E-06 -1.47550E-05  6.55204E-05  1.67901E-04 -2.37003E-04  1.57000E-05  1.40280E-05 -5.16351E-05  1.88210E-04  1.03647E-04  1.59519E-05
 THETA5        6.17986E-04  3.24991E-04  6.05597E-05 -5.61842E-04  3.32491E-03 -1.32671E-03  7.23606E-04  3.28980E-04  3.39916E-07  0.00000E+00 -2.11266E-07  7.11073E-05  3.68005E-05 -2.31242E-05  4.11597E-05 -6.85505E-05 -2.46273E-06  3.23521E-05  6.11747E-05  4.66449E-05  2.89287E-05  1.84223E-05  1.37537E-05 -7.59683E-05  1.45807E-05 -7.60330E-05 -1.05504E-05  1.97173E-04  5.07776E-05  2.54243E-05 -4.67795E-05  1.05798E-04  4.38735E-05 -1.32935E-04  1.30232E-05  6.16829E-06 -1.60958E-05 -2.00587E-05  5.40420E-05  1.20753E-04 -1.81814E-04  3.12885E-05  1.07092E-05 -2.67361E-05  1.46681E-04  9.51447E-05  3.23092E-05
 THETA6       -3.65972E-04 -2.85829E-04  3.39991E-04  4.59160E-04 -1.32671E-03  4.70755E-03  2.55802E-04 -9.21577E-04  1.23106E-07  0.00000E+00  3.77364E-07  1.06037E-04  7.08407E-05 -5.37171E-05  5.99318E-05 -1.23702E-04  2.44652E-05  4.88770E-05  7.22367E-05 -1.77827E-06  2.54066E-05  2.01412E-05  4.18322E-06 -6.25679E-05  1.08230E-05 -8.89920E-05 -6.37001E-05  3.34720E-04  3.51074E-05  1.07704E-04 -9.23253E-05  3.29466E-05  5.94560E-05 -2.00289E-04  3.91059E-05  2.91759E-05  1.37960E-06 -1.01166E-04  9.67188E-05  1.85720E-04 -2.95938E-04  1.85154E-05  4.39025E-06 -3.14639E-05  1.90469E-04  1.53024E-04  2.25667E-06
 THETA7        5.76625E-04 -1.60770E-03  5.48886E-04 -1.50320E-03  7.23606E-04  2.55802E-04  4.33328E-03  1.04678E-03  5.10969E-07  0.00000E+00  5.52655E-07  1.21971E-04  1.05122E-04 -5.87213E-05  7.07084E-05 -1.58959E-04 -6.53219E-06  6.28293E-05  7.88218E-05  1.01091E-05 -8.23883E-06 -2.39784E-05  1.59443E-05 -1.05376E-04 -1.63987E-05 -7.10608E-05 -8.20927E-05  3.91879E-04  5.74792E-05  1.60989E-05 -6.98788E-05  2.66713E-05  4.95843E-05 -2.31697E-04  5.72547E-05  2.47218E-05  2.18931E-06 -1.35358E-05  9.41940E-05  2.28326E-04 -3.71992E-04  9.44237E-06 -1.43434E-05 -7.01716E-05  2.57504E-04  1.75901E-04 -1.16644E-05
 THETA8        1.80902E-03  1.13826E-03  1.01512E-03  9.42154E-04  3.28980E-04 -9.21577E-04  1.04678E-03  3.83547E-03  3.01481E-07  0.00000E+00  5.84751E-07  1.00301E-04  9.58843E-05  1.61184E-05  7.79294E-05 -1.24097E-04  7.54346E-07  5.73567E-05  1.13296E-04  5.28837E-05  2.17173E-05 -2.04006E-05  1.58817E-05 -1.20050E-04 -9.45591E-06 -6.74209E-05 -8.09334E-05  3.46417E-04  6.56170E-05  1.07220E-05 -7.34516E-05  3.18972E-05  4.66476E-05 -2.43923E-04  3.93368E-05  1.13520E-05 -6.09807E-06 -1.57765E-05  8.93546E-05  2.09486E-04 -3.02735E-04  4.16139E-05  1.36719E-05 -6.50448E-05  2.36878E-04  1.46797E-04  3.09198E-05
 SIGMA(1,1)    7.40407E-08 -1.61942E-06  4.81057E-07 -1.56280E-07  3.39916E-07  1.23106E-07  5.10969E-07  3.01481E-07  4.13320E-07  0.00000E+00 -1.53403E-08  7.85214E-07  1.31141E-06 -2.32924E-06  2.49721E-07 -1.43026E-06 -9.24841E-07  4.97938E-07  5.09244E-08 -5.96381E-07 -8.68253E-07 -3.15753E-07 -7.48905E-08 -3.16356E-07 -3.98112E-07 -3.70943E-07 -3.10641E-07  3.20925E-06  1.55768E-07  2.01940E-07 -2.94579E-07  3.14121E-08  1.13313E-07 -9.80496E-07  1.98921E-07  2.05476E-07  3.97213E-07 -1.32393E-07  5.32621E-07  1.28599E-06 -2.93775E-06 -4.56840E-07 -4.22294E-07 -6.04902E-07  1.81886E-06  1.12807E-06 -7.95300E-07
 SIGMA(2,1)    0.00000E+00  0.00000E+00  0.00000E+00  0.00000E+00  0.00000E+00  0.00000E+00  0.00000E+00  0.00000E+00  0.00000E+00  0.00000E+00  0.00000E+00  0.00000E+00  0.00000E+00  0.00000E+00  0.00000E+00  0.00000E+00  0.00000E+00  0.00000E+00  0.00000E+00  0.00000E+00  0.00000E+00  0.00000E+00  0.00000E+00  0.00000E+00  0.00000E+00  0.00000E+00  0.00000E+00  0.00000E+00  0.00000E+00  0.00000E+00  0.00000E+00  0.00000E+00  0.00000E+00  0.00000E+00  0.00000E+00  0.00000E+00  0.00000E+00  0.00000E+00  0.00000E+00  0.00000E+00  0.00000E+00  0.00000E+00  0.00000E+00  0.00000E+00  0.00000E+00  0.00000E+00  0.00000E+00
 SIGMA(2,2)    1.43377E-06 -3.27825E-06 -1.94853E-06 -2.67740E-07 -2.11266E-07  3.77364E-07  5.52655E-07  5.84751E-07 -1.53403E-08  0.00000E+00  1.51009E-06  1.21199E-06  1.82990E-06 -2.34140E-06  1.48471E-06 -2.05730E-06 -7.59944E-07  8.32454E-07 -4.42939E-07 -1.93650E-07 -3.12870E-07 -4.50452E-07  1.70085E-07 -2.65445E-07 -8.07982E-07 -1.00781E-06 -2.02882E-06  6.08015E-06  1.30788E-06  1.10153E-06 -9.36437E-07 -4.12739E-06  7.01448E-07 -1.40418E-06  8.22196E-08  7.64856E-07  3.78713E-07 -1.20538E-06  5.12002E-07  3.31762E-06 -4.74183E-06 -1.20033E-06  1.26148E-07 -1.19856E-06  3.16600E-06  1.55152E-06 -1.50785E-06
 OMEGA(1,1)    1.87309E-05 -6.78720E-04  9.11158E-05  7.97259E-05  7.11073E-05  1.06037E-04  1.21971E-04  1.00301E-04  7.85214E-07  0.00000E+00  1.21199E-06  2.87194E-03 -6.66571E-05 -1.99444E-04  6.47392E-04 -4.45561E-04  4.08666E-05  5.17360E-04  7.74874E-05  9.99199E-05  4.22332E-05  2.20705E-04 -3.13402E-05 -2.24589E-04 -3.41950E-05 -1.41443E-04 -4.84977E-04  1.11520E-03  1.23835E-04 -6.30495E-05 -2.73497E-04  7.20513E-05  4.42429E-04 -5.92488E-04  1.88996E-04  6.44710E-05  7.42670E-05 -1.02309E-04  3.23435E-04  1.67598E-03 -1.20822E-03  1.91229E-04  8.31351E-05 -7.30135E-05  5.49170E-04  5.91735E-04  3.88522E-04
 OMEGA(2,1)    3.50549E-06 -5.84616E-04  1.36310E-04  9.74835E-05  3.68005E-05  7.08407E-05  1.05122E-04  9.58843E-05  1.31141E-06  0.00000E+00  1.82990E-06 -6.66571E-05  1.65466E-03 -9.51189E-04  1.70409E-04 -2.31803E-04 -3.38919E-05  5.24502E-04  1.28520E-04  1.22284E-04  7.06297E-05 -4.10883E-05  1.10885E-04 -3.02064E-04 -6.48653E-05 -1.42078E-04 -3.20468E-04  1.28159E-03  1.76588E-04 -8.16962E-05 -2.50496E-04 -7.13713E-05 -2.10490E-04 -3.98429E-04  7.70178E-05  3.64895E-05  6.01176E-05 -5.95925E-05  2.73237E-04  1.07312E-03 -9.63071E-04  6.04613E-05  1.15158E-04 -1.38676E-04  7.11304E-04  4.95934E-04  2.42409E-04
 OMEGA(2,2)   -1.23916E-05 -4.22859E-05 -3.71263E-05 -5.08654E-05 -2.31242E-05 -5.37171E-05 -5.87213E-05  1.61184E-05 -2.32924E-06  0.00000E+00 -2.34140E-06 -1.99444E-04 -9.51189E-04  2.84867E-03 -1.30464E-04  2.70151E-04  5.60183E-05 -2.84192E-04  6.44695E-04 -2.34331E-05  2.12182E-04  4.49773E-05  2.34660E-04  2.66801E-04  1.84277E-04  2.01766E-04  2.54520E-04 -1.46703E-03 -1.46778E-04 -1.98974E-05  1.81360E-04  4.85245E-05  3.25469E-05 -2.16708E-04 -9.60506E-05 -2.07590E-04 -1.52250E-04  1.09186E-04 -1.16348E-04 -7.15330E-04  1.97960E-03  6.80819E-05  3.08714E-04  3.00177E-04 -8.12099E-04 -7.27019E-04  4.42459E-04
 OMEGA(3,1)   -4.39136E-06 -4.07406E-04  1.09445E-04  7.74995E-05  4.11597E-05  5.99318E-05  7.07084E-05  7.79294E-05  2.49721E-07  0.00000E+00  1.48471E-06  6.47392E-04  1.70409E-04 -1.30464E-04  7.72186E-04 -3.04098E-04  2.02948E-04  1.95727E-04  1.11888E-04  1.57600E-04  4.49213E-05 -3.08162E-05  2.43171E-05 -1.06223E-04 -3.26972E-05 -1.08972E-04 -1.30763E-04  6.90562E-04  1.01264E-04 -7.79002E-06 -1.59265E-04 -8.77368E-06  2.49904E-04 -3.84399E-04  1.41489E-04  2.46641E-05  2.96951E-05 -5.82932E-05  2.13495E-04  8.16097E-04 -7.14704E-04  3.00569E-04  5.38656E-05 -8.43954E-05  4.20145E-04  3.76770E-04  2.28787E-04
 OMEGA(3,2)   -3.83022E-05  9.56779E-04 -3.03628E-05 -5.45984E-05 -6.85505E-05 -1.23702E-04 -1.58959E-04 -1.24097E-04 -1.43026E-06  0.00000E+00 -2.05730E-06 -4.45561E-04 -2.31803E-04  2.70151E-04 -3.04098E-04  9.45901E-04 -3.60937E-05 -1.33879E-04 -1.19332E-04  1.30843E-04  6.56779E-05  1.23466E-04  5.20628E-05  3.63790E-04  1.26077E-04  1.72371E-04  2.65926E-04 -1.24354E-03 -1.50028E-04 -1.45250E-06  2.22461E-04 -5.52393E-06 -2.06507E-04  7.87374E-04 -2.82161E-04 -2.24103E-05 -8.69802E-05  5.78037E-05 -3.99638E-04 -6.69325E-04  1.45475E-03  1.68472E-04  1.71850E-04  2.91173E-04 -7.33280E-04 -5.74239E-04  3.17903E-04
 OMEGA(3,3)    3.67284E-06 -2.21511E-05 -1.05609E-04 -6.40531E-05 -2.46273E-06  2.44652E-05 -6.53219E-06  7.54346E-07 -9.24841E-07  0.00000E+00 -7.59944E-07  4.08666E-05 -3.38919E-05  5.60183E-05  2.02948E-04 -3.60937E-05  6.07919E-04 -1.52431E-05  3.80400E-05  5.03745E-06 -5.50169E-05  9.40481E-06 -1.24481E-05 -2.60340E-05  8.83362E-07  4.84798E-06  3.26514E-05 -1.73658E-05  7.65767E-05  2.59072E-06 -1.44697E-05  2.17271E-05  4.60005E-05 -4.65768E-05  1.19653E-04 -1.22380E-05  1.86531E-07  3.84448E-05  4.91499E-05  6.45363E-05 -2.29697E-05  2.81496E-04  1.70027E-05  3.71574E-07  4.67614E-05  6.62987E-05  1.25487E-04
 OMEGA(4,1)    1.42781E-05 -3.58100E-04  5.16410E-05  5.89123E-05  3.23521E-05  4.88770E-05  6.28293E-05  5.73567E-05  4.97938E-07  0.00000E+00  8.32454E-07  5.17360E-04  5.24502E-04 -2.84192E-04  1.95727E-04 -1.33879E-04 -1.52431E-05  1.35628E-03 -9.61290E-05  2.56729E-04  3.28778E-04 -1.75052E-04  7.66881E-05 -1.47107E-04  1.02792E-04 -1.14232E-04 -2.66502E-05  5.36489E-04  9.44727E-05 -1.11014E-04 -8.41642E-05 -4.44390E-05 -2.88164E-04 -1.77052E-04  9.39666E-06  1.15652E-04 -3.41848E-05 -3.85732E-06  6.25821E-05  7.23642E-04 -4.73082E-04  7.95675E-05  4.81650E-04 -1.09671E-04  3.48126E-04  1.45048E-04  2.17385E-04
 OMEGA(4,2)   -1.03186E-05 -5.53099E-04  1.28406E-04  6.58823E-05  6.11747E-05  7.22367E-05  7.88218E-05  1.13296E-04  5.09244E-08  0.00000E+00 -4.42939E-07  7.74874E-05  1.28520E-04  6.44695E-04  1.11888E-04 -1.19332E-04  3.80400E-05 -9.61290E-05  1.25115E-03  4.51234E-06  6.13377E-04  2.57686E-06 -4.62035E-05 -1.52517E-04  7.10914E-05 -1.12486E-04 -1.21399E-04  3.42272E-04  7.62941E-05 -6.70516E-06 -1.21618E-04  1.29827E-04  9.03194E-05 -7.17144E-04  7.33764E-05 -3.85119E-04 -2.39665E-05 -1.95154E-05  3.17961E-04  2.71536E-04 -3.64341E-05  7.27580E-05  4.48459E-04 -9.30059E-05  2.61553E-04  2.11057E-06  2.15476E-04
 OMEGA(4,3)   -5.05028E-05  4.53393E-07  2.57546E-04  1.25849E-04  4.66449E-05 -1.77827E-06  1.01091E-05  5.28837E-05 -5.96381E-07  0.00000E+00 -1.93650E-07  9.99199E-05  1.22284E-04 -2.34331E-05  1.57600E-04  1.30843E-04  5.03745E-06  2.56729E-04  4.51234E-06  6.61996E-04  1.14244E-04 -2.77120E-05  4.92919E-05 -1.99983E-04  4.57354E-06 -4.56518E-05 -1.83439E-05  1.26376E-04  1.82505E-04  6.90440E-05 -9.75399E-05  1.29553E-04 -2.14706E-05 -1.65354E-05 -1.82500E-04  1.04857E-04 -6.33708E-05 -2.10388E-05 -4.74982E-05  2.04208E-04 -4.08963E-05  1.56069E-04  2.82706E-04 -6.41572E-05  1.70762E-04  8.47808E-07  1.78044E-04
 OMEGA(4,4)   -3.22681E-05  6.31936E-05  2.73277E-04  2.43946E-04  2.89287E-05  2.54066E-05 -8.23883E-06  2.17173E-05 -8.68253E-07  0.00000E+00 -3.12870E-07  4.22332E-05  7.06297E-05  2.12182E-04  4.49213E-05  6.56779E-05 -5.50169E-05  3.28778E-04  6.13377E-04  1.14244E-04  2.58799E-03 -2.93260E-05 -2.21674E-05 -1.07253E-05 -2.64780E-04  2.04973E-05  3.65444E-05 -6.80593E-05  1.99972E-05  1.83185E-04 -4.49414E-05  4.25870E-05 -8.53930E-05 -1.64405E-04 -2.58759E-05 -7.55629E-04  5.12756E-05 -5.21720E-05  2.19188E-04  7.97152E-05  2.10132E-04  3.50675E-05  4.82836E-04 -2.85825E-05 -3.79414E-07 -1.65895E-04  1.59922E-04
 OMEGA(5,1)   -1.04736E-05  1.75865E-04 -2.01139E-05 -1.70756E-05  1.84223E-05  2.01412E-05 -2.39784E-05 -2.04006E-05 -3.15753E-07  0.00000E+00 -4.50452E-07  2.20705E-04 -4.10883E-05  4.49773E-05 -3.08162E-05  1.23466E-04  9.40481E-06 -1.75052E-04  2.57686E-06 -2.77120E-05 -2.93260E-05  8.59803E-04 -1.29214E-04  2.01562E-04  1.11961E-04  2.44441E-04 -2.78643E-04 -2.59008E-04 -9.46387E-05 -4.20303E-06 -5.23596E-05  9.52796E-05  1.67654E-04  1.30583E-04 -1.40149E-05 -3.12879E-07  9.28866E-05 -3.21252E-05 -4.41226E-05 -5.18562E-05  3.21102E-04  1.51680E-05 -2.20708E-05  3.64740E-04 -3.06814E-04 -5.85311E-05  7.49789E-05
 OMEGA(5,2)   -3.57100E-06  4.44752E-05  2.84628E-05  1.56556E-05  1.37537E-05  4.18322E-06  1.59443E-05  1.58817E-05 -7.48905E-08  0.00000E+00  1.70085E-07 -3.13402E-05  1.10885E-04  2.34660E-04  2.43171E-05  5.20628E-05 -1.24481E-05  7.66881E-05 -4.62035E-05  4.92919E-05 -2.21674E-05 -1.29214E-04  6.70764E-04 -4.35221E-05  2.08542E-04  1.41650E-04  2.47629E-05 -2.30316E-04  4.16439E-05 -6.64369E-05 -4.85110E-05  1.63734E-05 -4.61854E-05  1.25665E-04 -1.40375E-05  5.30648E-05 -2.15166E-04  4.49759E-05 -9.35538E-05  8.83545E-05  1.58031E-04  3.74656E-05  9.09669E-06  2.56631E-04 -8.52512E-05  2.10854E-05  1.21963E-04
 OMEGA(5,3)    2.06033E-05  5.71324E-04 -1.99325E-04 -1.14049E-04 -7.59683E-05 -6.25679E-05 -1.05376E-04 -1.20050E-04 -3.16356E-07  0.00000E+00 -2.65445E-07 -2.24589E-04 -3.02064E-04  2.66801E-04 -1.06223E-04  3.63790E-04 -2.60340E-05 -1.47107E-04 -1.52517E-04 -1.99983E-04 -1.07253E-05  2.01562E-04 -4.35221E-05  7.96601E-04  7.68053E-05  1.89780E-04  1.81583E-04 -8.85954E-04 -4.35247E-04  3.23964E-06  3.29227E-04 -3.17982E-04 -6.14119E-05  5.37663E-04 -2.13396E-05 -1.39964E-05  8.16023E-05 -3.03330E-05 -2.55972E-04 -4.82500E-04  9.54523E-04 -4.19470E-05  1.24103E-05  3.77908E-04 -7.50074E-04 -3.99428E-04  7.11430E-06
 OMEGA(5,4)   -8.59466E-06  1.88717E-04 -9.59181E-06 -2.63450E-05  1.45807E-05  1.08230E-05 -1.63987E-05 -9.45591E-06 -3.98112E-07  0.00000E+00 -8.07982E-07 -3.41950E-05 -6.48653E-05  1.84277E-04 -3.26972E-05  1.26077E-04  8.83362E-07  1.02792E-04  7.10914E-05  4.57354E-06 -2.64780E-04  1.11961E-04  2.08542E-04  7.68053E-05  8.51010E-04 -1.50802E-04  3.13797E-05 -3.98964E-04 -3.88599E-05 -3.27759E-04  1.38582E-04 -2.66702E-06 -4.16742E-05  1.29910E-04 -1.77087E-05  2.06197E-04 -3.05607E-04  1.36051E-04 -1.73261E-04 -9.23500E-05  3.42089E-04  2.98566E-05  9.67590E-05  2.08846E-04 -2.24594E-04 -1.12988E-04  1.08114E-04
 OMEGA(5,5)    3.14380E-06  3.15601E-04 -8.08873E-05 -4.66976E-05 -7.60330E-05 -8.89920E-05 -7.10608E-05 -6.74209E-05 -3.70943E-07  0.00000E+00 -1.00781E-06 -1.41443E-04 -1.42078E-04  2.01766E-04 -1.08972E-04  1.72371E-04  4.84798E-06 -1.14232E-04 -1.12486E-04 -4.56518E-05  2.04973E-05  2.44441E-04  1.41650E-04  1.89780E-04 -1.50802E-04  1.16441E-03  6.66264E-05 -5.89393E-04 -9.76790E-05  1.11991E-04 -3.43632E-04  1.00338E-04 -3.34636E-05  2.89059E-04 -6.30155E-05 -3.59056E-05  2.21643E-04 -5.80292E-05 -1.03373E-04 -3.07601E-04  5.16891E-04 -1.06840E-05  1.85287E-05  2.14778E-04 -3.53963E-04 -2.08253E-04  2.58476E-05
 OMEGA(6,1)    9.87815E-06  4.84468E-04 -9.65273E-05 -6.63812E-05 -1.05504E-05 -6.37001E-05 -8.20927E-05 -8.09334E-05 -3.10641E-07  0.00000E+00 -2.02882E-06 -4.84977E-04 -3.20468E-04  2.54520E-04 -1.30763E-04  2.65926E-04  3.26514E-05 -2.66502E-05 -1.21399E-04 -1.83439E-05  3.65444E-05 -2.78643E-04  2.47629E-05  1.81583E-04  3.13797E-05  6.66264E-05  1.40834E-03 -1.09376E-03  2.41077E-05  1.37627E-04  4.12141E-04 -2.05167E-04 -9.44789E-05  4.21559E-04 -8.31815E-05  2.81011E-06 -4.71380E-05  2.12410E-04 -2.28737E-04 -8.67024E-04  8.97703E-04 -3.56762E-05  5.22633E-05  2.83968E-07 -8.71747E-05 -4.02884E-04 -1.89322E-04
 OMEGA(6,2)    3.17968E-05 -2.20513E-03  3.29188E-04  2.78482E-04  1.97173E-04  3.34720E-04  3.91879E-04  3.46417E-04  3.20925E-06  0.00000E+00  6.08015E-06  1.11520E-03  1.28159E-03 -1.46703E-03  6.90562E-04 -1.24354E-03 -1.73658E-05  5.36489E-04  3.42272E-04  1.26376E-04 -6.80593E-05 -2.59008E-04 -2.30316E-04 -8.85954E-04 -3.98964E-04 -5.89393E-04 -1.09376E-03  4.87405E-03  4.23197E-04  1.95636E-04 -5.93291E-04  1.81853E-05  4.12136E-04 -1.75361E-03  3.84940E-04  1.37878E-04  3.37111E-04 -5.09757E-04  9.67272E-04  2.14219E-03 -4.08341E-03  3.19666E-05 -3.08855E-04 -8.00227E-04  2.59438E-03  1.77904E-03 -5.36084E-04
 OMEGA(6,3)   -1.04148E-05 -2.70633E-04  1.23491E-04  6.91311E-05  5.07776E-05  3.51074E-05  5.74792E-05  6.56170E-05  1.55768E-07  0.00000E+00  1.30788E-06  1.23835E-04  1.76588E-04 -1.46778E-04  1.01264E-04 -1.50028E-04  7.65767E-05  9.44727E-05  7.62941E-05  1.82505E-04  1.99972E-05 -9.46387E-05  4.16439E-05 -4.35247E-04 -3.88599E-05 -9.76790E-05  2.41077E-05  4.23197E-04  7.11472E-04  3.39521E-05 -1.90563E-04  3.03193E-04  7.56347E-05 -2.56833E-04  1.28729E-05  2.65229E-05 -6.89069E-05  8.68196E-05  1.19057E-04  2.49678E-04 -4.41808E-04 -6.10278E-05  4.16332E-05 -2.10058E-04  5.56834E-04  1.66587E-04 -7.56767E-05
 OMEGA(6,4)    1.52606E-05 -4.15738E-05 -4.03371E-05  1.42866E-05  2.54243E-05  1.07704E-04  1.60989E-05  1.07220E-05  2.01940E-07  0.00000E+00  1.10153E-06 -6.30495E-05 -8.16962E-05 -1.98974E-05 -7.79002E-06 -1.45250E-06  2.59072E-06 -1.11014E-04 -6.70516E-06  6.90440E-05  1.83185E-04 -4.20303E-06 -6.64369E-05  3.23964E-06 -3.27759E-04  1.11991E-04  1.37627E-04  1.95636E-04  3.39521E-05  1.11840E-03 -1.10432E-04  1.75702E-04  4.09473E-05  1.63075E-05 -5.93875E-05  9.75627E-05  8.79733E-05 -2.81763E-04 -8.46426E-05 -1.18298E-04 -5.18958E-05 -1.02054E-05 -1.95177E-04 -3.49936E-05  1.45473E-04  4.74042E-05 -1.91911E-04
 OMEGA(6,5)    7.71861E-06  3.68371E-04 -1.08025E-04 -6.61794E-05 -4.67795E-05 -9.23253E-05 -6.98788E-05 -7.34516E-05 -2.94579E-07  0.00000E+00 -9.36437E-07 -2.73497E-04 -2.50496E-04  1.81360E-04 -1.59265E-04  2.22461E-04 -1.44697E-05 -8.41642E-05 -1.21618E-04 -9.75399E-05 -4.49414E-05 -5.23596E-05 -4.85110E-05  3.29227E-04  1.38582E-04 -3.43632E-04  4.12141E-04 -5.93291E-04 -1.90563E-04 -1.10432E-04  1.00294E-03 -7.53370E-04 -1.20327E-04  3.69109E-04 -7.92601E-05  1.01466E-05 -1.54674E-05  2.01844E-04 -2.00134E-04 -5.07415E-04  6.14845E-04 -5.33486E-05  3.36117E-05 -4.08270E-06 -3.18749E-04 -3.27571E-04 -9.10962E-05
 OMEGA(6,6)   -1.79898E-05 -9.34184E-05  1.04765E-04  4.81536E-05  1.05798E-04  3.29466E-05  2.66713E-05  3.18972E-05  3.14121E-08  0.00000E+00 -4.12739E-06  7.20513E-05 -7.13713E-05  4.85245E-05 -8.77368E-06 -5.52393E-06  2.17271E-05 -4.44390E-05  1.29827E-04  1.29553E-04  4.25870E-05  9.52796E-05  1.63734E-05 -3.17982E-04 -2.66702E-06  1.00338E-04 -2.05167E-04  1.81853E-05  3.03193E-04  1.75702E-04 -7.53370E-04  2.53137E-03  5.71221E-05 -1.31457E-04  1.74651E-05 -4.84934E-05 -1.00194E-04  9.98971E-05  9.35635E-05  8.20856E-05 -7.59502E-05  2.72959E-05 -9.36132E-05  4.39442E-05 -3.11531E-04  5.48812E-05  1.62504E-04
 OMEGA(7,1)   -1.89497E-06 -2.50726E-04  5.11404E-05  3.64974E-05  4.38735E-05  5.94560E-05  4.95843E-05  4.66476E-05  1.13313E-07  0.00000E+00  7.01448E-07  4.42429E-04 -2.10490E-04  3.25469E-05  2.49904E-04 -2.06507E-04  4.60005E-05 -2.88164E-04  9.03194E-05 -2.14706E-05 -8.53930E-05  1.67654E-04 -4.61854E-05 -6.14119E-05 -4.16742E-05 -3.34636E-05 -9.44789E-05  4.12136E-04  7.56347E-05  4.09473E-05 -1.20327E-04  5.71221E-05  1.14995E-03 -4.24474E-04  2.36169E-04  8.89208E-05  1.52696E-04 -1.25249E-04  3.44569E-04  5.99527E-04 -5.28885E-04  1.17594E-04 -1.11955E-04  2.78637E-05  2.28147E-04  5.95630E-04  2.20585E-04
 OMEGA(7,2)   -1.34162E-05  1.55339E-03 -1.96985E-04 -1.43425E-04 -1.32935E-04 -2.00289E-04 -2.31697E-04 -2.43923E-04 -9.80496E-07  0.00000E+00 -1.40418E-06 -5.92488E-04 -3.98429E-04 -2.16708E-04 -3.84399E-04  7.87374E-04 -4.65768E-05 -1.77052E-04 -7.17144E-04 -1.65354E-05 -1.64405E-04  1.30583E-04  1.25665E-04  5.37663E-04  1.29910E-04  2.89059E-04  4.21559E-04 -1.75361E-03 -2.56833E-04  1.63075E-05  3.69109E-04 -1.31457E-04 -4.24474E-04  2.05609E-03 -3.33423E-04  3.12354E-04 -3.39061E-05  1.06042E-04 -1.07823E-03 -1.04636E-03  1.86346E-03 -5.79115E-05  3.31049E-05  4.16282E-04 -1.06561E-03 -5.54259E-04  2.22803E-04
 OMEGA(7,3)    2.47135E-05 -3.39866E-04 -5.67236E-05 -2.94475E-05  1.30232E-05  3.91059E-05  5.72547E-05  3.93368E-05  1.98921E-07  0.00000E+00  8.22196E-08  1.88996E-04  7.70178E-05 -9.60506E-05  1.41489E-04 -2.82161E-04  1.19653E-04  9.39666E-06  7.33764E-05 -1.82500E-04 -2.58759E-05 -1.40149E-05 -1.40375E-05 -2.13396E-05 -1.77087E-05 -6.30155E-05 -8.31815E-05  3.84940E-04  1.28729E-05 -5.93875E-05 -7.92601E-05  1.74651E-05  2.36169E-04 -3.33423E-04  5.70100E-04 -2.55280E-05  5.02505E-05  7.56266E-05  3.66755E-04  3.24731E-04 -5.04803E-04  1.62407E-04 -1.11432E-04 -3.03002E-05  2.69619E-04  4.55764E-04  1.15953E-04
 OMEGA(7,4)    1.29496E-05 -8.66985E-05 -5.19007E-05 -4.06313E-05  6.16829E-06  2.91759E-05  2.47218E-05  1.13520E-05  2.05476E-07  0.00000E+00  7.64856E-07  6.44710E-05  3.64895E-05 -2.07590E-04  2.46641E-05 -2.24103E-05 -1.22380E-05  1.15652E-04 -3.85119E-04  1.04857E-04 -7.55629E-04 -3.12879E-07  5.30648E-05 -1.39964E-05  2.06197E-04 -3.59056E-05  2.81011E-06  1.37878E-04  2.65229E-05  9.75627E-05  1.01466E-05 -4.84934E-05  8.89208E-05  3.12354E-04 -2.55280E-05  1.12628E-03 -1.38333E-04  3.44035E-05 -6.12113E-04  1.19959E-04 -1.01096E-04 -9.14514E-07  7.98648E-05  1.00123E-05  7.98595E-05  1.87590E-04  7.31530E-05
 OMEGA(7,5)    1.44260E-05 -1.50394E-04 -3.79717E-05 -6.52528E-06 -1.60958E-05  1.37960E-06  2.18931E-06 -6.09807E-06  3.97213E-07  0.00000E+00  3.78713E-07  7.42670E-05  6.01176E-05 -1.52250E-04  2.96951E-05 -8.69802E-05  1.86531E-07 -3.41848E-05 -2.39665E-05 -6.33708E-05  5.12756E-05  9.28866E-05 -2.15166E-04  8.16023E-05 -3.05607E-04  2.21643E-04 -4.71380E-05  3.37111E-04 -6.89069E-05  8.79733E-05 -1.54674E-05 -1.00194E-04  1.52696E-04 -3.39061E-05  5.02505E-05 -1.38333E-04  7.83538E-04 -3.05846E-04  3.41265E-04  1.17647E-04 -2.19407E-04 -2.23694E-05 -6.41481E-05  1.56258E-04  2.64652E-05  1.89700E-04 -5.72087E-05
 OMEGA(7,6)    4.78355E-08  1.22786E-04 -2.23589E-05 -1.47550E-05 -2.00587E-05 -1.01166E-04 -1.35358E-05 -1.57765E-05 -1.32393E-07  0.00000E+00 -1.20538E-06 -1.02309E-04 -5.95925E-05  1.09186E-04 -5.82932E-05  5.78037E-05  3.84448E-05 -3.85732E-06 -1.95154E-05 -2.10388E-05 -5.21720E-05 -3.21252E-05  4.49759E-05 -3.03330E-05  1.36051E-04 -5.80292E-05  2.12410E-04 -5.09757E-04  8.68196E-05 -2.81763E-04  2.01844E-04  9.98971E-05 -1.25249E-04  1.06042E-04  7.56266E-05  3.44035E-05 -3.05846E-04  9.80374E-04  3.89497E-05 -2.19155E-04  3.36317E-04  2.00173E-05  9.80195E-05 -8.69047E-05  1.20824E-04 -3.11598E-04 -7.95769E-05
 OMEGA(7,7)    4.43988E-06 -6.70418E-04  8.97008E-05  6.55204E-05  5.40420E-05  9.67188E-05  9.41940E-05  8.93546E-05  5.32621E-07  0.00000E+00  5.12002E-07  3.23435E-04  2.73237E-04 -1.16348E-04  2.13495E-04 -3.99638E-04  4.91499E-05  6.25821E-05  3.17961E-04 -4.74982E-05  2.19188E-04 -4.41226E-05 -9.35538E-05 -2.55972E-04 -1.73261E-04 -1.03373E-04 -2.28737E-04  9.67272E-04  1.19057E-04 -8.46426E-05 -2.00134E-04  9.35635E-05  3.44569E-04 -1.07823E-03  3.66755E-04 -6.12113E-04  3.41265E-04  3.89497E-05  2.11631E-03  6.15849E-04 -1.08953E-03  1.02893E-04 -1.63069E-04 -1.17776E-04  6.25842E-04  8.60662E-04  5.05762E-05
 OMEGA(8,1)    1.58893E-05 -1.27756E-03  2.13744E-04  1.67901E-04  1.20753E-04  1.85720E-04  2.28326E-04  2.09486E-04  1.28599E-06  0.00000E+00  3.31762E-06  1.67598E-03  1.07312E-03 -7.15330E-04  8.16097E-04 -6.69325E-04  6.45363E-05  7.23642E-04  2.71536E-04  2.04208E-04  7.97152E-05 -5.18562E-05  8.83545E-05 -4.82500E-04 -9.23500E-05 -3.07601E-04 -8.67024E-04  2.14219E-03  2.49678E-04 -1.18298E-04 -5.07415E-04  8.20856E-05  5.99527E-04 -1.04636E-03  3.24731E-04  1.19959E-04  1.17647E-04 -2.19155E-04  6.15849E-04  2.60584E-03 -2.05069E-03  3.43855E-04  1.73353E-04 -2.03683E-04  1.03624E-03  1.14525E-03  8.06236E-04
 OMEGA(8,2)   -4.50517E-05  2.14257E-03 -2.68200E-04 -2.37003E-04 -1.81814E-04 -2.95938E-04 -3.71992E-04 -3.02735E-04 -2.93775E-06  0.00000E+00 -4.74183E-06 -1.20822E-03 -9.63071E-04  1.97960E-03 -7.14704E-04  1.45475E-03 -2.29697E-05 -4.73082E-04 -3.64341E-05 -4.08963E-05  2.10132E-04  3.21102E-04  1.58031E-04  9.54523E-04  3.42089E-04  5.16891E-04  8.97703E-04 -4.08341E-03 -4.41808E-04 -5.18958E-05  6.14845E-04 -7.59502E-05 -5.28885E-04  1.86346E-03 -5.04803E-04 -1.01096E-04 -2.19407E-04  3.36317E-04 -1.08953E-03 -2.05069E-03  4.57212E-03  2.37586E-05  5.74165E-04  7.99822E-04 -2.27967E-03 -1.76921E-03  9.43182E-04
 OMEGA(8,3)   -2.39031E-05 -6.40467E-05  5.36442E-05  1.57000E-05  3.12885E-05  1.85154E-05  9.44237E-06  4.16139E-05 -4.56840E-07  0.00000E+00 -1.20033E-06  1.91229E-04  6.04613E-05  6.80819E-05  3.00569E-04  1.68472E-04  2.81496E-04  7.95675E-05  7.27580E-05  1.56069E-04  3.50675E-05  1.51680E-05  3.74656E-05 -4.19470E-05  2.98566E-05 -1.06840E-05 -3.56762E-05  3.19666E-05 -6.10278E-05 -1.02054E-05 -5.33486E-05  2.72959E-05  1.17594E-04 -5.79115E-05  1.62407E-04 -9.14514E-07 -2.23694E-05  2.00173E-05  1.02893E-04  3.43855E-04  2.37586E-05  5.74326E-04  9.50330E-05  2.84963E-05  6.92726E-05  2.04601E-04  5.26702E-04
 OMEGA(8,4)   -1.66905E-05  1.50996E-04  5.02986E-05  1.40280E-05  1.07092E-05  4.39025E-06 -1.43434E-05  1.36719E-05 -4.22294E-07  0.00000E+00  1.26148E-07  8.31351E-05  1.15158E-04  3.08714E-04  5.38656E-05  1.71850E-04  1.70027E-05  4.81650E-04  4.48459E-04  2.82706E-04  4.82836E-04 -2.20708E-05  9.09669E-06  1.24103E-05  9.67590E-05  1.85287E-05  5.22633E-05 -3.08855E-04  4.16332E-05 -1.95177E-04  3.36117E-05 -9.36132E-05 -1.11955E-04  3.31049E-05 -1.11432E-04  7.98648E-05 -6.41481E-05  9.80195E-05 -1.63069E-04  1.73353E-04  5.74165E-04  9.50330E-05  9.35416E-04 -1.65937E-06 -1.24058E-04 -3.08940E-04  5.05714E-04
 OMEGA(8,5)   -4.73319E-06  4.26123E-04 -7.45294E-05 -5.16351E-05 -2.67361E-05 -3.14639E-05 -7.01716E-05 -6.50448E-05 -6.04902E-07  0.00000E+00 -1.19856E-06 -7.30135E-05 -1.38676E-04  3.00177E-04 -8.43954E-05  2.91173E-04  3.71574E-07 -1.09671E-04 -9.30059E-05 -6.41572E-05 -2.85825E-05  3.64740E-04  2.56631E-04  3.77908E-04  2.08846E-04  2.14778E-04  2.83968E-07 -8.00227E-04 -2.10058E-04 -3.49936E-05 -4.08270E-06  4.39442E-05  2.78637E-05  4.16282E-04 -3.03002E-05  1.00123E-05  1.56258E-04 -8.69047E-05 -1.17776E-04 -2.03683E-04  7.99822E-04  2.84963E-05 -1.65937E-06  7.49055E-04 -6.94765E-04 -1.59902E-04  2.16613E-04
 OMEGA(8,6)    1.48502E-05 -1.34539E-03  2.43535E-04  1.88210E-04  1.46681E-04  1.90469E-04  2.57504E-04  2.36878E-04  1.81886E-06  0.00000E+00  3.16600E-06  5.49170E-04  7.11304E-04 -8.12099E-04  4.20145E-04 -7.33280E-04  4.67614E-05  3.48126E-04  2.61553E-04  1.70762E-04 -3.79414E-07 -3.06814E-04 -8.52512E-05 -7.50074E-04 -2.24594E-04 -3.53963E-04 -8.71747E-05  2.59438E-03  5.56834E-04  1.45473E-04 -3.18749E-04 -3.11531E-04  2.28147E-04 -1.06561E-03  2.69619E-04  7.98595E-05  2.64652E-05  1.20824E-04  6.25842E-04  1.03624E-03 -2.27967E-03  6.92726E-05 -1.24058E-04 -6.94765E-04  2.28010E-03  9.70786E-04 -5.80762E-04
 OMEGA(8,7)    1.62162E-05 -1.02149E-03  1.26262E-04  1.03647E-04  9.51447E-05  1.53024E-04  1.75901E-04  1.46797E-04  1.12807E-06  0.00000E+00  1.55152E-06  5.91735E-04  4.95934E-04 -7.27019E-04  3.76770E-04 -5.74239E-04  6.62987E-05  1.45048E-04  2.11057E-06  8.47808E-07 -1.65895E-04 -5.85311E-05  2.10854E-05 -3.99428E-04 -1.12988E-04 -2.08253E-04 -4.02884E-04  1.77904E-03  1.66587E-04  4.74042E-05 -3.27571E-04  5.48812E-05  5.95630E-04 -5.54259E-04  4.55764E-04  1.87590E-04  1.89700E-04 -3.11598E-04  8.60662E-04  1.14525E-03 -1.76921E-03  2.04601E-04 -3.08940E-04 -1.59902E-04  9.70786E-04  1.59508E-03  3.16563E-04
 OMEGA(8,8)   -3.55074E-05  1.75638E-04  7.09958E-05  1.59519E-05  3.23092E-05  2.25667E-06 -1.16644E-05  3.09198E-05 -7.95300E-07  0.00000E+00 -1.50785E-06  3.88522E-04  2.42409E-04  4.42459E-04  2.28787E-04  3.17903E-04  1.25487E-04  2.17385E-04  2.15476E-04  1.78044E-04  1.59922E-04  7.49789E-05  1.21963E-04  7.11430E-06  1.08114E-04  2.58476E-05 -1.89322E-04 -5.36084E-04 -7.56767E-05 -1.91911E-04 -9.10962E-05  1.62504E-04  2.20585E-04  2.22803E-04  1.15953E-04  7.31530E-05 -5.72087E-05 -7.95769E-05  5.05762E-05  8.06236E-04  9.43182E-04  5.26702E-04  5.05714E-04  2.16613E-04 -5.80762E-04  3.16563E-04  1.86374E-03
