TABLE NO.     1: Laplacian Conditional Estimation with Interaction: Problem=1 Subproblem=0 Superproblem1=0 Iteration1=0 Superproblem2=0 Iteration2=0
 NAME         THETA1       THETA2       THETA3       THETA4       THETA5       SIGMA(1,1)   OMEGA(1,1)   OMEGA(2,1)   OMEGA(2,2)   OMEGA(3,1)   OMEGA(3,2)   OMEGA(3,3)   OMEGA(4,1)   OMEGA(4,2)   OMEGA(4,3)   OMEGA(4,4)
 THETA1        5.00893E+03  8.88537E+02  2.56799E+03 -3.97547E+03  4.27877E+04  0.00000E+00  2.93078E+05 -1.55226E+06 -9.06086E+06  2.37011E+06  1.10033E+06  1.58325E+06 -1.10320E+06 -5.85463E+05 -3.41213E+06  5.35802E+05
 THETA2        8.88537E+02  7.38979E+02  6.71308E+02 -9.58262E+02  8.78120E+03  0.00000E+00  6.10201E+04 -3.24037E+05 -1.89097E+06  4.94588E+05  2.29798E+05  3.30550E+05 -2.30177E+05 -1.22234E+05 -7.12248E+05  1.11831E+05
 THETA3        2.56799E+03  6.71308E+02  1.91644E+03 -2.46398E+03  2.44958E+04  0.00000E+00  1.68291E+05 -8.92062E+05 -5.20723E+06  1.36244E+06  6.32352E+05  9.09504E+05 -6.33993E+05 -3.36670E+05 -1.96072E+06  3.07879E+05
 THETA4       -3.97547E+03 -9.58262E+02 -2.46398E+03  3.78039E+03 -3.73313E+04  0.00000E+00 -2.57002E+05  1.36225E+06  7.95259E+06 -2.08023E+06 -9.65820E+05 -1.38938E+06  9.68105E+05  5.13933E+05  2.99465E+06 -4.70213E+05
 THETA5        4.27877E+04  8.78120E+03  2.44958E+04 -3.73313E+04  4.06348E+05  0.00000E+00  2.76886E+06 -1.46684E+07 -8.56429E+07  2.24039E+07  1.04016E+07  1.49641E+07 -1.04291E+07 -5.53543E+06 -3.22520E+07  5.06495E+06
 SIGMA(1,1)    0.00000E+00  0.00000E+00  0.00000E+00  0.00000E+00  0.00000E+00  0.00000E+00  0.00000E+00  0.00000E+00  0.00000E+00  0.00000E+00  0.00000E+00  0.00000E+00  0.00000E+00  0.00000E+00  0.00000E+00  0.00000E+00
 OMEGA(1,1)    2.93078E+05  6.10201E+04  1.68291E+05 -2.57002E+05  2.76886E+06  0.00000E+00  1.90138E+07 -1.00728E+08 -5.88072E+08  1.53837E+08  7.14195E+07  1.02748E+08 -7.16123E+07 -3.80069E+07 -2.21457E+08  3.47774E+07
 OMEGA(2,1)   -1.55226E+06 -3.24037E+05 -8.92062E+05  1.36225E+06 -1.46684E+07  0.00000E+00 -1.00728E+08  5.33652E+08  3.11558E+09 -8.15023E+08 -3.78379E+08 -5.44354E+08  3.79398E+08  2.01359E+08  1.17327E+09 -1.84249E+08
 OMEGA(2,2)   -9.06086E+06 -1.89097E+06 -5.20723E+06  7.95259E+06 -8.56429E+07  0.00000E+00 -5.88072E+08  3.11558E+09  1.81896E+10 -4.75832E+09 -2.20907E+09 -3.17808E+09  2.21503E+09  1.17559E+09  6.84988E+09 -1.07570E+09
 OMEGA(3,1)    2.37011E+06  4.94588E+05  1.36244E+06 -2.08023E+06  2.24039E+07  0.00000E+00  1.53837E+08 -8.15023E+08 -4.75832E+09  1.24476E+09  5.77884E+08  8.31370E+08 -5.79443E+08 -3.07528E+08 -1.79190E+09  2.81398E+08
 OMEGA(3,2)    1.10033E+06  2.29798E+05  6.32352E+05 -9.65820E+05  1.04016E+07  0.00000E+00  7.14195E+07 -3.78379E+08 -2.20907E+09  5.77884E+08  2.68288E+08  3.85969E+08 -2.69009E+08 -1.42773E+08 -8.31899E+08  1.30640E+08
 OMEGA(3,3)    1.58325E+06  3.30550E+05  9.09504E+05 -1.38938E+06  1.49641E+07  0.00000E+00  1.02748E+08 -5.44354E+08 -3.17808E+09  8.31370E+08  3.85969E+08  5.55274E+08 -3.87009E+08 -2.05398E+08 -1.19681E+09  1.87945E+08
 OMEGA(4,1)   -1.10320E+06 -2.30177E+05 -6.33993E+05  9.68105E+05 -1.04291E+07  0.00000E+00 -7.16123E+07  3.79398E+08  2.21503E+09 -5.79443E+08 -2.69009E+08 -3.87009E+08  2.69736E+08  1.43157E+08  8.34141E+08 -1.30993E+08
 OMEGA(4,2)   -5.85463E+05 -1.22234E+05 -3.36670E+05  5.13933E+05 -5.53543E+06  0.00000E+00 -3.80069E+07  2.01359E+08  1.17559E+09 -3.07528E+08 -1.42773E+08 -2.05398E+08  1.43157E+08  7.59794E+07  4.42705E+08 -6.95221E+07
 OMEGA(4,3)   -3.41213E+06 -7.12248E+05 -1.96072E+06  2.99465E+06 -3.22520E+07  0.00000E+00 -2.21457E+08  1.17327E+09  6.84988E+09 -1.79190E+09 -8.31899E+08 -1.19681E+09  8.34141E+08  4.42705E+08  2.57955E+09 -4.05089E+08
 OMEGA(4,4)    5.35802E+05  1.11831E+05  3.07879E+05 -4.70213E+05  5.06495E+06  0.00000E+00  3.47774E+07 -1.84249E+08 -1.07570E+09  2.81398E+08  1.30640E+08  1.87945E+08 -1.30993E+08 -6.95221E+07 -4.05089E+08  6.36150E+07
