TABLE NO.     1: Importance Sampling (No Prior): Problem=1 Subproblem=0 Superproblem1=0 Iteration1=0 Superproblem2=0 Iteration2=0
 NAME         THETA1       THETA2       THETA3       THETA4       THETA5       SIGMA(1,1)   OMEGA(1,1)   OMEGA(2,1)   OMEGA(2,2)   OMEGA(3,1)   OMEGA(3,2)   OMEGA(3,3)   OMEGA(4,1)   OMEGA(4,2)   OMEGA(4,3)   OMEGA(4,4)
 THETA1        5.51824E+02 -7.29033E+01 -8.10475E+01  4.95472E+01 -1.89484E+01  0.00000E+00 -3.09715E+00 -4.98802E+01  2.65415E+01 -3.43143E+01  3.31837E+01  1.79986E+01 -3.42771E+00 -1.25188E+01 -2.42476E+01  2.17671E+01
 THETA2       -7.29033E+01  4.14132E+02  5.68769E+01 -8.39870E+01 -7.18245E+01  0.00000E+00 -4.64407E+01 -4.33622E+01  7.35770E+01 -2.37380E+01 -5.68776E+01  7.20972E+01 -3.67033E+01  7.57128E+01 -5.98171E+01 -1.16112E+01
 THETA3       -8.10475E+01  5.68769E+01  3.13202E+02 -1.30122E+02 -4.36736E+01  0.00000E+00 -3.08214E+01 -2.18607E+00  7.37246E+01  6.57935E+01 -1.75126E+02 -7.96841E+01  1.50368E+01  3.07073E+01  1.36049E+02 -5.70450E+01
 THETA4        4.95472E+01 -8.39870E+01 -1.30122E+02  3.13813E+02  2.91805E+01  0.00000E+00 -1.31962E+01 -4.74940E+01  4.25798E+01  3.77873E+01  8.28130E+01 -2.47292E+01 -1.75227E+02 -9.37082E+01  5.97671E+01  4.67157E+01
 THETA5       -1.89484E+01 -7.18245E+01 -4.36736E+01  2.91805E+01  3.58461E+03  0.00000E+00  1.38318E+02  1.48036E+02  6.19434E+02  1.46759E+02  1.35992E+02  6.17841E+02  2.12522E+02 -1.36434E+02 -1.93298E+02  3.38225E+02
 SIGMA(1,1)    0.00000E+00  0.00000E+00  0.00000E+00  0.00000E+00  0.00000E+00  0.00000E+00  0.00000E+00  0.00000E+00  0.00000E+00  0.00000E+00  0.00000E+00  0.00000E+00  0.00000E+00  0.00000E+00  0.00000E+00  0.00000E+00
 OMEGA(1,1)   -3.09715E+00 -4.64407E+01 -3.08214E+01 -1.31962E+01  1.38318E+02  0.00000E+00  1.49096E+03 -4.16398E+02  4.92951E+01 -4.81104E+02  2.51724E+01  4.63979E+01  2.38465E+02  9.93828E+00 -7.04781E+01  9.82711E+00
 OMEGA(2,1)   -4.98802E+01 -4.33622E+01 -2.18607E+00 -4.74940E+01  1.48036E+02  0.00000E+00 -4.16398E+02  2.29730E+03 -2.78712E+02  2.34985E+02 -4.60176E+02  1.97025E+00 -4.35887E+02  2.99202E+02 -3.62046E+01 -7.67854E-01
 OMEGA(2,2)    2.65415E+01  7.35770E+01  7.37246E+01  4.25798E+01  6.19434E+02  0.00000E+00  4.92951E+01 -2.78712E+02  8.95425E+02  1.71055E+01  2.09227E+02  9.16939E+01  9.19034E+01 -3.38389E+02 -1.77469E+01  2.45894E+01
 OMEGA(3,1)   -3.43143E+01 -2.37380E+01  6.57935E+01  3.77873E+01  1.46759E+02  0.00000E+00 -4.81104E+02  2.34985E+02  1.71055E+01  1.93096E+03 -5.52187E+01 -2.57324E+02 -8.21069E+02  2.48236E+01  1.58516E+02 -5.85377E+01
 OMEGA(3,2)    3.31837E+01 -5.68776E+01 -1.75126E+02  8.28130E+01  1.35992E+02  0.00000E+00  2.51724E+01 -4.60176E+02  2.09227E+02 -5.52187E+01  1.28690E+03  3.75712E+01 -6.00658E+00 -5.62351E+02 -1.76035E+02  8.69488E+01
 OMEGA(3,3)    1.79986E+01  7.20972E+01 -7.96841E+01 -2.47292E+01  6.17841E+02  0.00000E+00  4.63979E+01  1.97025E+00  9.16939E+01 -2.57324E+02  3.75712E+01  5.69451E+02  1.65699E+01 -5.56439E+01 -5.18809E+02  1.59407E+02
 OMEGA(4,1)   -3.42771E+00 -3.67033E+01  1.50368E+01 -1.75227E+02  2.12522E+02  0.00000E+00  2.38465E+02 -4.35887E+02  9.19034E+01 -8.21069E+02 -6.00658E+00  1.65699E+01  1.66890E+03 -1.88901E+02 -1.22960E+01 -1.53501E+01
 OMEGA(4,2)   -1.25188E+01  7.57128E+01  3.07073E+01 -9.37082E+01 -1.36434E+02  0.00000E+00  9.93828E+00  2.99202E+02 -3.38389E+02  2.48236E+01 -5.62351E+02 -5.56439E+01 -1.88901E+02  1.40456E+03  2.13664E+02 -2.79797E+02
 OMEGA(4,3)   -2.42476E+01 -5.98171E+01  1.36049E+02  5.97671E+01 -1.93298E+02  0.00000E+00 -7.04781E+01 -3.62046E+01 -1.77469E+01  1.58516E+02 -1.76035E+02 -5.18809E+02 -1.22960E+01  2.13664E+02  1.30330E+03 -6.04558E+02
 OMEGA(4,4)    2.17671E+01 -1.16112E+01 -5.70450E+01  4.67157E+01  3.38225E+02  0.00000E+00  9.82711E+00 -7.67854E-01  2.45894E+01 -5.85377E+01  8.69488E+01  1.59407E+02 -1.53501E+01 -2.79797E+02 -6.04558E+02  7.33185E+02
