TABLE NO.     1: Laplacian Conditional Estimation with Interaction: Problem=1 Subproblem=0 Superproblem1=0 Iteration1=0 Superproblem2=0 Iteration2=0
 NAME         THETA1       THETA2       THETA3       THETA4       THETA5       SIGMA(1,1)   OMEGA(1,1)   OMEGA(2,1)   OMEGA(2,2)   OMEGA(3,1)   OMEGA(3,2)   OMEGA(3,3)   OMEGA(4,1)   OMEGA(4,2)   OMEGA(4,3)   OMEGA(4,4)
 THETA1        2.40303E-03  3.61797E-04 -5.48311E-05  2.07290E-04 -9.71275E-05  0.00000E+00 -1.59771E-04  1.86304E-04  1.56619E-06  3.72594E-05 -8.10452E-05 -3.45037E-04 -4.52842E-05 -1.94226E-04 -2.37761E-04 -1.56444E-04
 THETA2        3.61797E-04  2.56185E-03 -9.33500E-04  7.22631E-04  1.60443E-04  0.00000E+00  1.06855E-04  1.34629E-04 -1.19661E-04  4.14687E-05 -3.47214E-04 -5.26417E-04  1.38095E-04 -2.81945E-04 -1.21740E-04 -4.16468E-04
 THETA3       -5.48311E-05 -9.33500E-04  4.93490E-03  2.53791E-03 -3.40545E-04  0.00000E+00  2.34715E-04  1.81475E-04 -1.94376E-05 -3.98027E-04  7.62944E-04  8.38552E-04 -6.62608E-05  7.99992E-04  3.45071E-04  7.44322E-04
 THETA4        2.07290E-04  7.22631E-04  2.53791E-03  6.40026E-03 -2.69794E-04  0.00000E+00 -9.59122E-06  2.68198E-04 -2.29130E-04 -1.49779E-04  4.13958E-04  8.68436E-06  8.94027E-04  2.38214E-04  1.25245E-04 -3.53372E-04
 THETA5       -9.71275E-05  1.60443E-04 -3.40545E-04 -2.69794E-04  4.87833E-04  0.00000E+00 -7.72413E-05 -1.61895E-04  1.59221E-05 -1.29394E-04 -1.99290E-04 -4.39566E-04 -1.52377E-04 -6.75065E-05 -3.30549E-04 -4.08215E-04
 SIGMA(1,1)    0.00000E+00  0.00000E+00  0.00000E+00  0.00000E+00  0.00000E+00  0.00000E+00  0.00000E+00  0.00000E+00  0.00000E+00  0.00000E+00  0.00000E+00  0.00000E+00  0.00000E+00  0.00000E+00  0.00000E+00  0.00000E+00
 OMEGA(1,1)   -1.59771E-04  1.06855E-04  2.34715E-04 -9.59122E-06 -7.72413E-05  0.00000E+00  9.63458E-04  2.70666E-04 -3.46335E-05 -3.56543E-05  1.99782E-04  6.35987E-06  1.63034E-04  1.77560E-04  1.77540E-05  4.91547E-05
 OMEGA(2,1)    1.86304E-04  1.34629E-04  1.81475E-04  2.68198E-04 -1.61895E-04  0.00000E+00  2.70666E-04  5.24267E-04 -7.29295E-05  1.40761E-04  1.28788E-05  6.41272E-05  3.40769E-04  4.02815E-05 -2.41492E-05 -9.71533E-05
 OMEGA(2,2)    1.56619E-06 -1.19661E-04 -1.94376E-05 -2.29130E-04  1.59221E-05  0.00000E+00 -3.46335E-05 -7.29295E-05  1.68196E-04  1.22303E-04 -5.43597E-05 -9.23203E-05 -9.79161E-06  4.96401E-05 -4.26881E-04 -1.91690E-04
 OMEGA(3,1)    3.72594E-05  4.14687E-05 -3.98027E-04 -1.49779E-04 -1.29394E-04  0.00000E+00 -3.56543E-05  1.40761E-04  1.22303E-04  8.40203E-04 -1.00080E-04  5.38087E-04  5.06920E-04  3.96110E-05  2.72289E-04  2.26200E-04
 OMEGA(3,2)   -8.10452E-05 -3.47214E-04  7.62944E-04  4.13958E-04 -1.99290E-04  0.00000E+00  1.99782E-04  1.28788E-05 -5.43597E-05 -1.00080E-04  1.21589E-03  4.30525E-04 -4.53325E-05  6.45873E-04  6.89113E-04  6.99847E-04
 OMEGA(3,3)   -3.45037E-04 -5.26417E-04  8.38552E-04  8.68436E-06 -4.39566E-04  0.00000E+00  6.35987E-06  6.41272E-05 -9.23203E-05  5.38087E-04  4.30525E-04  2.45195E-03  1.35719E-05  2.41337E-04  2.09293E-03  1.76666E-03
 OMEGA(4,1)   -4.52842E-05  1.38095E-04 -6.62608E-05  8.94027E-04 -1.52377E-04  0.00000E+00  1.63034E-04  3.40769E-04 -9.79161E-06  5.06920E-04 -4.53325E-05  1.35719E-05  1.24292E-03 -2.48130E-05 -1.79384E-04 -4.79117E-05
 OMEGA(4,2)   -1.94226E-04 -2.81945E-04  7.99992E-04  2.38214E-04 -6.75065E-05  0.00000E+00  1.77560E-04  4.02815E-05  4.96401E-05  3.96110E-05  6.45873E-04  2.41337E-04 -2.48130E-05  1.09538E-03  1.17358E-04  5.43094E-04
 OMEGA(4,3)   -2.37761E-04 -1.21740E-04  3.45071E-04  1.25245E-04 -3.30549E-04  0.00000E+00  1.77540E-05 -2.41492E-05 -4.26881E-04  2.72289E-04  6.89113E-04  2.09293E-03 -1.79384E-04  1.17358E-04  2.94604E-03  2.44551E-03
 OMEGA(4,4)   -1.56444E-04 -4.16468E-04  7.44322E-04 -3.53372E-04 -4.08215E-04  0.00000E+00  4.91547E-05 -9.71533E-05 -1.91690E-04  2.26200E-04  6.99847E-04  1.76666E-03 -4.79117E-05  5.43094E-04  2.44551E-03  4.88892E-03
