TABLE NO.     1: Importance Sampling (No Prior): Problem=1 Subproblem=0 Superproblem1=0 Iteration1=0 Superproblem2=0 Iteration2=0
 NAME         THETA1       THETA2       THETA3       THETA4       THETA5       SIGMA(1,1)   OMEGA(1,1)   OMEGA(2,1)   OMEGA(2,2)   OMEGA(3,1)   OMEGA(3,2)   OMEGA(3,3)   OMEGA(4,1)   OMEGA(4,2)   OMEGA(4,3)   OMEGA(4,4)
 THETA1        1.95238E-03  3.63512E-04  5.26002E-04  3.54136E-05  7.40854E-05  0.00000E+00  4.27911E-05  4.88481E-05 -1.91209E-04  1.94266E-05  5.42500E-05 -1.26108E-04  2.26170E-05 -4.99316E-05 -7.42856E-05 -9.91223E-05
 THETA2        3.63512E-04  2.92869E-03 -5.35182E-05  7.63813E-04  2.21299E-04  0.00000E+00  1.16867E-04  9.39451E-05 -4.54286E-04  2.13888E-05  6.95830E-05 -6.33485E-04  1.42289E-04 -2.01048E-04 -1.39415E-04 -1.63076E-04
 THETA3        5.26002E-04 -5.35182E-05  5.16911E-03  2.38090E-03  3.28251E-05  0.00000E+00  1.05147E-04  1.59020E-04 -6.96950E-04  4.01021E-05  7.37413E-04  4.75476E-04  3.01505E-04  2.31197E-04 -5.15637E-04 -2.77257E-04
 THETA4        3.54136E-05  7.63813E-04  2.38090E-03  5.09628E-03  4.53015E-05  0.00000E+00  9.19586E-05  1.89927E-04 -5.15709E-04  1.77834E-04  2.37572E-04  5.78746E-05  6.94685E-04  2.55299E-04 -7.45718E-04 -6.62543E-04
 THETA5        7.40854E-05  2.21299E-04  3.28251E-05  4.53015E-05  5.76297E-04  0.00000E+00 -1.01290E-04 -1.15783E-04 -3.45104E-04 -2.46565E-04 -1.19235E-04 -1.05377E-03 -1.97780E-04 -1.46957E-04 -5.60984E-04 -5.51295E-04
 SIGMA(1,1)    0.00000E+00  0.00000E+00  0.00000E+00  0.00000E+00  0.00000E+00  0.00000E+00  0.00000E+00  0.00000E+00  0.00000E+00  0.00000E+00  0.00000E+00  0.00000E+00  0.00000E+00  0.00000E+00  0.00000E+00  0.00000E+00
 OMEGA(1,1)    4.27911E-05  1.16867E-04  1.05147E-04  9.19586E-05 -1.01290E-04  0.00000E+00  7.97286E-04  1.64131E-04 -8.48050E-06  2.42720E-04  8.36224E-05  2.75490E-04  7.27053E-05 -4.75860E-06  1.79999E-04  1.37091E-04
 OMEGA(2,1)    4.88481E-05  9.39451E-05  1.59020E-04  1.89927E-04 -1.15783E-04  0.00000E+00  1.64131E-04  5.68088E-04  1.27494E-04  8.54273E-05  2.26703E-04  2.36340E-04  1.99175E-04  2.73741E-05  1.56535E-04  1.20080E-04
 OMEGA(2,2)   -1.91209E-04 -4.54286E-04 -6.96950E-04 -5.15709E-04 -3.45104E-04  0.00000E+00 -8.48050E-06  1.27494E-04  1.64996E-03  2.37320E-05 -1.13851E-04  2.06303E-04 -1.80575E-05  3.38970E-04  2.24001E-04  3.65451E-04
 OMEGA(3,1)    1.94266E-05  2.13888E-05  4.01021E-05  1.77834E-04 -2.46565E-04  0.00000E+00  2.42720E-04  8.54273E-05  2.37320E-05  8.88606E-04  1.37627E-04  8.86837E-04  4.84606E-04  1.19784E-04  3.65241E-04  3.20168E-04
 OMEGA(3,2)    5.42500E-05  6.95830E-05  7.37413E-04  2.37572E-04 -1.19235E-04  0.00000E+00  8.36224E-05  2.26703E-04 -1.13851E-04  1.37627E-04  1.17975E-03  4.50743E-04  2.10371E-04  4.36919E-04  2.92573E-04  2.85135E-04
 OMEGA(3,3)   -1.26108E-04 -6.33485E-04  4.75476E-04  5.78746E-05 -1.05377E-03  0.00000E+00  2.75490E-04  2.36340E-04  2.06303E-04  8.86837E-04  4.50743E-04  5.21711E-03  5.86445E-04  3.05568E-04  2.50103E-03  1.57698E-03
 OMEGA(4,1)    2.26170E-05  1.42289E-04  3.01505E-04  6.94685E-04 -1.97780E-04  0.00000E+00  7.27053E-05  1.99175E-04 -1.80575E-05  4.84606E-04  2.10371E-04  5.86445E-04  1.00167E-03  2.14027E-04  2.08848E-04  2.32952E-04
 OMEGA(4,2)   -4.99316E-05 -2.01048E-04  2.31197E-04  2.55299E-04 -1.46957E-04  0.00000E+00 -4.75860E-06  2.73741E-05  3.38970E-04  1.19784E-04  4.36919E-04  3.05568E-04  2.14027E-04  1.08450E-03  1.57891E-04  4.96387E-04
 OMEGA(4,3)   -7.42856E-05 -1.39415E-04 -5.15637E-04 -7.45718E-04 -5.60984E-04  0.00000E+00  1.79999E-04  1.56535E-04  2.24001E-04  3.65241E-04  2.92573E-04  2.50103E-03  2.08848E-04  1.57891E-04  2.65963E-03  1.96477E-03
 OMEGA(4,4)   -9.91223E-05 -1.63076E-04 -2.77257E-04 -6.62543E-04 -5.51295E-04  0.00000E+00  1.37091E-04  1.20080E-04  3.65451E-04  3.20168E-04  2.85135E-04  1.57698E-03  2.32952E-04  4.96387E-04  1.96477E-03  3.08854E-03
