TABLE NO.     1: Laplacian Conditional Estimation with Interaction: Problem=1 Subproblem=0 Superproblem1=0 Iteration1=0 Superproblem2=0 Iteration2=0
 NAME         THETA1       THETA2       THETA3       THETA4       THETA5       SIGMA(1,1)   OMEGA(1,1)   OMEGA(2,1)   OMEGA(2,2)   OMEGA(3,1)   OMEGA(3,2)   OMEGA(3,3)   OMEGA(4,1)   OMEGA(4,2)   OMEGA(4,3)   OMEGA(4,4)
 THETA1        4.90207E-02  1.45817E-01 -1.59224E-02  5.28566E-02 -8.97071E-02  0.00000E+00 -1.05003E-01  1.65984E-01  2.46353E-03  2.62219E-02 -4.74133E-02 -1.42144E-01 -2.62027E-02 -1.19714E-01 -8.93595E-02 -4.56429E-02
 THETA2        1.45817E-01  5.06148E-02 -2.62541E-01  1.78460E-01  1.43518E-01  0.00000E+00  6.80146E-02  1.16168E-01 -1.82291E-01  2.82652E-02 -1.96731E-01 -2.10037E-01  7.73893E-02 -1.68308E-01 -4.43134E-02 -1.17679E-01
 THETA3       -1.59224E-02 -2.62541E-01  7.02489E-02  4.51583E-01 -2.19482E-01  0.00000E+00  1.07643E-01  1.12824E-01 -2.13351E-02 -1.95471E-01  3.11463E-01  2.41065E-01 -2.67545E-02  3.44084E-01  9.05003E-02  1.51536E-01
 THETA4        5.28566E-02  1.78460E-01  4.51583E-01  8.00016E-02 -1.52685E-01  0.00000E+00 -3.86241E-03  1.46413E-01 -2.20839E-01 -6.45893E-02  1.48392E-01  2.19222E-03  3.16979E-01  8.99678E-02  2.88431E-02 -6.31723E-02
 THETA5       -8.97071E-02  1.43518E-01 -2.19482E-01 -1.52685E-01  2.20869E-02  0.00000E+00 -1.12667E-01 -3.20127E-01  5.55851E-02 -2.02110E-01 -2.58764E-01 -4.01913E-01 -1.95687E-01 -9.23482E-02 -2.75728E-01 -2.64331E-01
 SIGMA(1,1)    0.00000E+00  0.00000E+00  0.00000E+00  0.00000E+00  0.00000E+00  0.00000E+00  0.00000E+00  0.00000E+00  0.00000E+00  0.00000E+00  0.00000E+00  0.00000E+00  0.00000E+00  0.00000E+00  0.00000E+00  0.00000E+00
 OMEGA(1,1)   -1.05003E-01  6.80146E-02  1.07643E-01 -3.86241E-03 -1.12667E-01  0.00000E+00  3.10396E-02  3.80838E-01 -8.60345E-02 -3.96282E-02  1.84584E-01  4.13786E-03  1.48984E-01  1.72841E-01  1.05380E-02  2.26486E-02
 OMEGA(2,1)    1.65984E-01  1.16168E-01  1.12824E-01  1.46413E-01 -3.20127E-01  0.00000E+00  3.80838E-01  2.28969E-02 -2.45595E-01  2.12087E-01  1.61306E-02  5.65600E-02  4.22147E-01  5.31554E-02 -1.94315E-02 -6.06841E-02
 OMEGA(2,2)    2.46353E-03 -1.82291E-01 -2.13351E-02 -2.20839E-01  5.55851E-02  0.00000E+00 -8.60345E-02 -2.45595E-01  1.29690E-02  3.25341E-01 -1.20205E-01 -1.43758E-01 -2.14154E-02  1.15649E-01 -6.06429E-01 -2.11390E-01
 OMEGA(3,1)    2.62219E-02  2.82652E-02 -1.95471E-01 -6.45893E-02 -2.02110E-01  0.00000E+00 -3.96282E-02  2.12087E-01  3.25341E-01  2.89862E-02 -9.90168E-02  3.74891E-01  4.96051E-01  4.12898E-02  1.73069E-01  1.11608E-01
 OMEGA(3,2)   -4.74133E-02 -1.96731E-01  3.11463E-01  1.48392E-01 -2.58764E-01  0.00000E+00  1.84584E-01  1.61306E-02 -1.20205E-01 -9.90168E-02  3.48696E-02  2.49342E-01 -3.68758E-02  5.59653E-01  3.64103E-01  2.87045E-01
 OMEGA(3,3)   -1.42144E-01 -2.10037E-01  2.41065E-01  2.19222E-03 -4.01913E-01  0.00000E+00  4.13786E-03  5.65600E-02 -1.43758E-01  3.74891E-01  2.49342E-01  4.95172E-02  7.77436E-03  1.47260E-01  7.78716E-01  5.10260E-01
 OMEGA(4,1)   -2.62027E-02  7.73893E-02 -2.67545E-02  3.16979E-01 -1.95687E-01  0.00000E+00  1.48984E-01  4.22147E-01 -2.14154E-02  4.96051E-01 -3.68758E-02  7.77436E-03  3.52550E-02 -2.12656E-02 -9.37439E-02 -1.94363E-02
 OMEGA(4,2)   -1.19714E-01 -1.68308E-01  3.44084E-01  8.99678E-02 -9.23482E-02  0.00000E+00  1.72841E-01  5.31554E-02  1.15649E-01  4.12898E-02  5.59653E-01  1.47260E-01 -2.12656E-02  3.30965E-02  6.53301E-02  2.34686E-01
 OMEGA(4,3)   -8.93595E-02 -4.43134E-02  9.05003E-02  2.88431E-02 -2.75728E-01  0.00000E+00  1.05380E-02 -1.94315E-02 -6.06429E-01  1.73069E-01  3.64103E-01  7.78716E-01 -9.37439E-02  6.53301E-02  5.42775E-02  6.44383E-01
 OMEGA(4,4)   -4.56429E-02 -1.17679E-01  1.51536E-01 -6.31723E-02 -2.64331E-01  0.00000E+00  2.26486E-02 -6.06841E-02 -2.11390E-01  1.11608E-01  2.87045E-01  5.10260E-01 -1.94363E-02  2.34686E-01  6.44383E-01  6.99208E-02
