TABLE NO.     1: First Order Conditional Estimation with Interaction: Problem=1 Subproblem=0 Superproblem1=0 Iteration1=0 Superproblem2=0 Iteration2=0
 NAME         THETA1       THETA2       THETA3       THETA4       THETA5       THETA6       THETA7       THETA8       SIGMA(1,1)   OMEGA(1,1)   OMEGA(2,1)   OMEGA(2,2)
 THETA1        1.16204E-01  1.58884E-01 -1.49131E-01 -4.38672E-02  2.71829E-02 -1.53827E-02 -6.06705E-01 -8.12465E-02  1.51504E-01 -2.44040E-02  7.38985E-02 -4.48124E-02
 THETA2        1.58884E-01  1.57891E+00 -4.47773E-02 -1.75215E-01 -1.62051E-02  1.21187E-02 -8.65368E-02 -6.14478E-01  4.97592E-02  3.34459E-02  1.77822E-02  1.00567E-01
 THETA3       -1.49131E-01 -4.47773E-02  1.60175E-01  1.33012E-01 -7.74469E-02 -1.87091E-02 -2.22434E-01 -3.40309E-02 -4.71456E-03  6.94524E-03  2.76451E-02 -4.22425E-03
 THETA4       -4.38672E-02 -1.75215E-01  1.33012E-01  2.01679E-01 -1.71227E-02 -9.98102E-02 -3.44396E-02 -2.25708E-01 -1.43210E-02  2.34360E-02  1.94819E-02  1.02268E-02
 THETA5        2.71829E-02 -1.62051E-02 -7.74469E-02 -1.71227E-02  1.03237E-01  1.73640E-01  1.18842E-01 -1.26641E-02 -8.25426E-03  2.92315E-02  9.28054E-03 -2.82659E-02
 THETA6       -1.53827E-02  1.21187E-02 -1.87091E-02 -9.98102E-02  1.73640E-01  1.31140E-01 -1.17191E-02  1.06093E-01  2.15097E-02 -1.38754E-02 -2.78194E-02 -2.51502E-02
 THETA7       -6.06705E-01 -8.65368E-02 -2.22434E-01 -3.44396E-02  1.18842E-01 -1.17191E-02  5.13729E-02  1.30404E-01 -1.93113E-02  1.91876E-02 -2.56782E-02  6.97093E-03
 THETA8       -8.12465E-02 -6.14478E-01 -3.40309E-02 -2.25708E-01 -1.26641E-02  1.06093E-01  1.30404E-01  6.75493E-02  4.55544E-02 -2.56593E-02 -1.11191E-02 -6.86011E-02
 SIGMA(1,1)    1.51504E-01  4.97592E-02 -4.71456E-03 -1.43210E-02 -8.25426E-03  2.15097E-02 -1.93113E-02  4.55544E-02  6.76441E-03 -2.79006E-01 -6.30549E-02 -2.53804E-01
 OMEGA(1,1)   -2.44040E-02  3.34459E-02  6.94524E-03  2.34360E-02  2.92315E-02 -1.38754E-02  1.91876E-02 -2.56593E-02 -2.79006E-01  9.15832E-03  1.44565E-01  1.10653E-01
 OMEGA(2,1)    7.38985E-02  1.77822E-02  2.76451E-02  1.94819E-02  9.28054E-03 -2.78194E-02 -2.56782E-02 -1.11191E-02 -6.30549E-02  1.44565E-01  7.59044E-03  2.31884E-01
 OMEGA(2,2)   -4.48124E-02  1.00567E-01 -4.22425E-03  1.02268E-02 -2.82659E-02 -2.51502E-02  6.97093E-03 -6.86011E-02 -2.53804E-01  1.10653E-01  2.31884E-01  1.38536E-02
