TABLE NO.     1: First Order Conditional Estimation with Interaction: Problem=1 Subproblem=0 Superproblem1=0 Iteration1=0 Superproblem2=0 Iteration2=0
 NAME         THETA1       THETA2       THETA3       THETA4       THETA5       THETA6       THETA7       THETA8       SIGMA(1,1)   OMEGA(1,1)   OMEGA(2,1)   OMEGA(2,2)
 THETA1        1.47553E+02 -1.51942E+00  3.07512E+01 -9.69554E-01 -1.62496E+01  7.41871E+00  2.26038E+02 -2.18470E+01 -3.24293E+02 -2.42526E+01 -1.68055E+02  4.26538E+01
 THETA2       -1.51942E+00  8.18479E-01 -9.05571E-02  2.04052E+00  6.64926E-01 -6.57295E-01 -2.14191E+00  1.32217E+01 -1.68750E+01 -6.23948E+00  1.59632E+00 -7.63663E+00
 THETA3        3.07512E+01 -9.05571E-02  4.83285E+01 -3.92372E+00 -2.27313E-03  1.45863E+00  7.51730E+01 -3.13649E+00 -6.49580E+01 -1.11913E+01 -5.41699E+01  1.25467E+01
 THETA4       -9.69554E-01  2.04052E+00 -3.92372E+00  3.16660E+01  1.39226E+00  1.49272E+00 -3.27545E+00  5.01646E+01 -4.93646E+01 -2.50579E+01 -7.91553E+00 -1.44242E+01
 THETA5       -1.62496E+01  6.64926E-01 -2.27313E-03  1.39226E+00  1.01046E+02 -1.51612E+01 -4.79029E+01  1.80281E+01  3.62323E+01 -3.16559E+01 -1.20042E+01  1.93373E+01
 THETA6        7.41871E+00 -6.57295E-01  1.45863E+00  1.49272E+00 -1.51612E+01  6.20481E+01  1.88730E+01 -2.19708E+01 -1.65424E+01  9.11638E+00  1.90214E+01  8.77930E+00
 THETA7        2.26038E+02 -2.14191E+00  7.51730E+01 -3.27545E+00 -4.79029E+01  1.88730E+01  7.58051E+02 -7.32383E+01 -4.48974E+02 -7.84123E+01 -1.77394E+02  3.66169E+01
 THETA8       -2.18470E+01  1.32217E+01 -3.13649E+00  5.01646E+01  1.80281E+01 -2.19708E+01 -7.32383E+01  4.52232E+02 -3.39811E+02 -8.55540E+01 -1.21719E+01 -4.99549E+01
 SIGMA(1,1)   -3.24293E+02 -1.68750E+01 -6.49580E+01 -4.93646E+01  3.62323E+01 -1.65424E+01 -4.48974E+02 -3.39811E+02  2.63383E+04  4.96964E+03 -2.49612E+02  2.90953E+03
 OMEGA(1,1)   -2.42526E+01 -6.23948E+00 -1.11913E+01 -2.50579E+01 -3.16559E+01  9.11638E+00 -7.84123E+01 -8.55540E+01  4.96964E+03  1.32387E+04 -1.94351E+03 -7.11198E+01
 OMEGA(2,1)   -1.68055E+02  1.59632E+00 -5.41699E+01 -7.91553E+00 -1.20042E+01  1.90214E+01 -1.77394E+02 -1.21719E+01 -2.49612E+02 -1.94351E+03  1.88824E+04 -2.36819E+03
 OMEGA(2,2)    4.26538E+01 -7.63663E+00  1.25467E+01 -1.44242E+01  1.93373E+01  8.77930E+00  3.66169E+01 -4.99549E+01  2.90953E+03 -7.11198E+01 -2.36819E+03  5.97189E+03
