TABLE NO.     1: First Order Conditional Estimation with Interaction: Problem=1 Subproblem=0 Superproblem1=0 Iteration1=0 Superproblem2=0 Iteration2=0
 NAME         THETA1       THETA2       THETA3       THETA4       THETA5       THETA6       THETA7       THETA8       SIGMA(1,1)   OMEGA(1,1)   OMEGA(2,1)   OMEGA(2,2)
 THETA1        1.35034E-02  2.91513E-02 -2.77577E-03 -1.02807E-03  3.26100E-04 -2.34416E-04 -3.62187E-03 -6.37745E-04  1.19090E-04 -2.59715E-05  6.51814E-05 -7.21413E-05
 THETA2        2.91513E-02  2.49297E+00 -1.13243E-02 -5.57943E-02 -2.64147E-03  2.50928E-03 -7.01929E-03 -6.55369E-02  5.31449E-04  4.83634E-04  2.13113E-04  2.19977E-03
 THETA3       -2.77577E-03 -1.13243E-02  2.56561E-02  4.29681E-03 -1.28066E-03 -3.92990E-04 -1.83033E-03 -3.68205E-04 -5.10818E-06  1.01882E-05  3.36109E-05 -9.37366E-06
 THETA4       -1.02807E-03 -5.57943E-02  4.29681E-03  4.06746E-02 -3.56508E-04 -2.63979E-03 -3.56824E-04 -3.07489E-03 -1.95373E-05  4.32873E-05  2.98235E-05  2.85736E-05
 THETA5        3.26100E-04 -2.64147E-03 -1.28066E-03 -3.56508E-04  1.06578E-02  2.35081E-03  6.30287E-04 -8.83142E-05 -5.76424E-06  2.76376E-05  7.27234E-06 -4.04260E-05
 THETA6       -2.34416E-04  2.50928E-03 -3.92990E-04 -2.63979E-03  2.35081E-03  1.71976E-02 -7.89521E-05  9.39815E-04  1.90809E-05 -1.66645E-05 -2.76916E-05 -4.56920E-05
 THETA7       -3.62187E-03 -7.01929E-03 -1.83033E-03 -3.56824E-04  6.30287E-04 -7.89521E-05  2.63917E-03  4.52529E-04 -6.71083E-06  9.02756E-06 -1.00130E-05  4.96122E-06
 THETA8       -6.37745E-04 -6.55369E-02 -3.68205E-04 -3.07489E-03 -8.83142E-05  9.39815E-04  4.52529E-04  4.56291E-03  2.08152E-05 -1.58738E-05 -5.70111E-06 -6.41972E-05
 SIGMA(1,1)    1.19090E-04  5.31449E-04 -5.10818E-06 -1.95373E-05 -5.76424E-06  1.90809E-05 -6.71083E-06  2.08152E-05  4.57572E-05 -1.72846E-05 -3.23754E-06 -2.37844E-05
 OMEGA(1,1)   -2.59715E-05  4.83634E-04  1.01882E-05  4.32873E-05  2.76376E-05 -1.66645E-05  9.02756E-06 -1.58738E-05 -1.72846E-05  8.38748E-05  1.00495E-05  1.40392E-05
 OMEGA(2,1)    6.51814E-05  2.13113E-04  3.36109E-05  2.98235E-05  7.27234E-06 -2.76916E-05 -1.00130E-05 -5.70111E-06 -3.23754E-06  1.00495E-05  5.76148E-05  2.43838E-05
 OMEGA(2,2)   -7.21413E-05  2.19977E-03 -9.37366E-06  2.85736E-05 -4.04260E-05 -4.56920E-05  4.96122E-06 -6.41972E-05 -2.37844E-05  1.40392E-05  2.43838E-05  1.91924E-04
