TABLE NO.     1: First Order Conditional Estimation with Interaction: Problem=1 Subproblem=0 Superproblem1=0 Iteration1=0 Superproblem2=0 Iteration2=0
 NAME         THETA1       THETA2       THETA3       THETA4       THETA5       THETA6       SIGMA(1,1)   SIGMA(2,1)   SIGMA(2,2)   OMEGA(1,1)   OMEGA(2,1)   OMEGA(2,2)   OMEGA(3,1)   OMEGA(3,2)   OMEGA(3,3)   OMEGA(4,1)   OMEGA(4,2)   OMEGA(4,3)   OMEGA(4,4)
 THETA1        1.41169E+01  1.86461E+01  1.89551E+00 -2.52994E+00  1.47225E+00  1.19632E+00  0.00000E+00  0.00000E+00  0.00000E+00 -3.45897E+00  0.00000E+00 -3.75474E-01  0.00000E+00  0.00000E+00  9.65085E+00  0.00000E+00  0.00000E+00  0.00000E+00  2.11312E+00
 THETA2        1.86461E+01  3.70958E+02 -1.27772E+03  1.19510E+01  3.99975E+04 -1.49899E+02  0.00000E+00  0.00000E+00  0.00000E+00 -2.22398E+01  0.00000E+00 -4.12123E-01  0.00000E+00  0.00000E+00 -4.05744E+01  0.00000E+00  0.00000E+00  0.00000E+00  3.57426E+01
 THETA3        1.89551E+00 -1.27772E+03  5.89683E+02 -5.50597E+00 -1.19312E+02  5.75390E+00  0.00000E+00  0.00000E+00  0.00000E+00  1.33715E-01  0.00000E+00 -5.53744E+00  0.00000E+00  0.00000E+00 -5.88591E+01  0.00000E+00  0.00000E+00  0.00000E+00  6.90772E-01
 THETA4       -2.52994E+00  1.19510E+01 -5.50597E+00  1.96153E+01 -3.50674E+05 -1.25477E+00  0.00000E+00  0.00000E+00  0.00000E+00 -1.23166E+00  0.00000E+00 -6.97692E-02  0.00000E+00  0.00000E+00 -1.81172E+00  0.00000E+00  0.00000E+00  0.00000E+00  8.29348E+00
 THETA5        1.47225E+00  3.99975E+04 -1.19312E+02 -3.50674E+05  1.24113E+06  2.09785E+03  0.00000E+00  0.00000E+00  0.00000E+00  5.72332E-01  0.00000E+00  2.07420E+02  0.00000E+00  0.00000E+00  4.19709E+02  0.00000E+00  0.00000E+00  0.00000E+00 -1.34336E-01
 THETA6        1.19632E+00 -1.49899E+02  5.75390E+00 -1.25477E+00  2.09785E+03  8.18543E+02  0.00000E+00  0.00000E+00  0.00000E+00  4.52888E+00  0.00000E+00 -2.13336E+01  0.00000E+00  0.00000E+00  5.96311E+01  0.00000E+00  0.00000E+00  0.00000E+00  2.70106E+00
 SIGMA(1,1)    0.00000E+00  0.00000E+00  0.00000E+00  0.00000E+00  0.00000E+00  0.00000E+00  0.00000E+00  0.00000E+00  0.00000E+00  0.00000E+00  0.00000E+00  0.00000E+00  0.00000E+00  0.00000E+00  0.00000E+00  0.00000E+00  0.00000E+00  0.00000E+00  0.00000E+00
 SIGMA(2,1)    0.00000E+00  0.00000E+00  0.00000E+00  0.00000E+00  0.00000E+00  0.00000E+00  0.00000E+00  0.00000E+00  0.00000E+00  0.00000E+00  0.00000E+00  0.00000E+00  0.00000E+00  0.00000E+00  0.00000E+00  0.00000E+00  0.00000E+00  0.00000E+00  0.00000E+00
 SIGMA(2,2)    0.00000E+00  0.00000E+00  0.00000E+00  0.00000E+00  0.00000E+00  0.00000E+00  0.00000E+00  0.00000E+00  0.00000E+00  0.00000E+00  0.00000E+00  0.00000E+00  0.00000E+00  0.00000E+00  0.00000E+00  0.00000E+00  0.00000E+00  0.00000E+00  0.00000E+00
 OMEGA(1,1)   -3.45897E+00 -2.22398E+01  1.33715E-01 -1.23166E+00  5.72332E-01  4.52888E+00  0.00000E+00  0.00000E+00  0.00000E+00  8.20533E+00  0.00000E+00  7.74012E-01  0.00000E+00  0.00000E+00  2.53001E+00  0.00000E+00  0.00000E+00  0.00000E+00 -5.64790E-01
 OMEGA(2,1)    0.00000E+00  0.00000E+00  0.00000E+00  0.00000E+00  0.00000E+00  0.00000E+00  0.00000E+00  0.00000E+00  0.00000E+00  0.00000E+00  0.00000E+00  0.00000E+00  0.00000E+00  0.00000E+00  0.00000E+00  0.00000E+00  0.00000E+00  0.00000E+00  0.00000E+00
 OMEGA(2,2)   -3.75474E-01 -4.12123E-01 -5.53744E+00 -6.97692E-02  2.07420E+02 -2.13336E+01  0.00000E+00  0.00000E+00  0.00000E+00  7.74012E-01  0.00000E+00  2.14095E+03  0.00000E+00  0.00000E+00 -2.54007E+01  0.00000E+00  0.00000E+00  0.00000E+00  8.24583E-01
 OMEGA(3,1)    0.00000E+00  0.00000E+00  0.00000E+00  0.00000E+00  0.00000E+00  0.00000E+00  0.00000E+00  0.00000E+00  0.00000E+00  0.00000E+00  0.00000E+00  0.00000E+00  0.00000E+00  0.00000E+00  0.00000E+00  0.00000E+00  0.00000E+00  0.00000E+00  0.00000E+00
 OMEGA(3,2)    0.00000E+00  0.00000E+00  0.00000E+00  0.00000E+00  0.00000E+00  0.00000E+00  0.00000E+00  0.00000E+00  0.00000E+00  0.00000E+00  0.00000E+00  0.00000E+00  0.00000E+00  0.00000E+00  0.00000E+00  0.00000E+00  0.00000E+00  0.00000E+00  0.00000E+00
 OMEGA(3,3)    9.65085E+00 -4.05744E+01 -5.88591E+01 -1.81172E+00  4.19709E+02  5.96311E+01  0.00000E+00  0.00000E+00  0.00000E+00  2.53001E+00  0.00000E+00 -2.54007E+01  0.00000E+00  0.00000E+00  5.53626E+03  0.00000E+00  0.00000E+00  0.00000E+00 -1.59832E-01
 OMEGA(4,1)    0.00000E+00  0.00000E+00  0.00000E+00  0.00000E+00  0.00000E+00  0.00000E+00  0.00000E+00  0.00000E+00  0.00000E+00  0.00000E+00  0.00000E+00  0.00000E+00  0.00000E+00  0.00000E+00  0.00000E+00  0.00000E+00  0.00000E+00  0.00000E+00  0.00000E+00
 OMEGA(4,2)    0.00000E+00  0.00000E+00  0.00000E+00  0.00000E+00  0.00000E+00  0.00000E+00  0.00000E+00  0.00000E+00  0.00000E+00  0.00000E+00  0.00000E+00  0.00000E+00  0.00000E+00  0.00000E+00  0.00000E+00  0.00000E+00  0.00000E+00  0.00000E+00  0.00000E+00
 OMEGA(4,3)    0.00000E+00  0.00000E+00  0.00000E+00  0.00000E+00  0.00000E+00  0.00000E+00  0.00000E+00  0.00000E+00  0.00000E+00  0.00000E+00  0.00000E+00  0.00000E+00  0.00000E+00  0.00000E+00  0.00000E+00  0.00000E+00  0.00000E+00  0.00000E+00  0.00000E+00
 OMEGA(4,4)    2.11312E+00  3.57426E+01  6.90772E-01  8.29348E+00 -1.34336E-01  2.70106E+00  0.00000E+00  0.00000E+00  0.00000E+00 -5.64790E-01  0.00000E+00  8.24583E-01  0.00000E+00  0.00000E+00 -1.59832E-01  0.00000E+00  0.00000E+00  0.00000E+00  1.88105E+01
