TABLE NO.     1: Iterative Two Stage: Problem=1 Subproblem=0 Superproblem1=0 Iteration1=0 Superproblem2=0 Iteration2=0
 NAME         THETA1       THETA2       THETA3       THETA4       THETA5       SIGMA(1,1)   OMEGA(1,1)   OMEGA(2,1)   OMEGA(2,2)   OMEGA(3,1)   OMEGA(3,2)   OMEGA(3,3)   OMEGA(4,1)   OMEGA(4,2)   OMEGA(4,3)   OMEGA(4,4)
 THETA1        4.82246E-02  4.69695E-01  9.95498E-03 -4.04687E-03 -4.10866E-02 -3.11923E-08 -2.18457E-01 -8.73895E-01 -5.34869E-01  0.00000E+00  0.00000E+00 -7.38969E-03  0.00000E+00  0.00000E+00 -3.27334E-02 -1.78336E-02
 THETA2        4.69695E-01  2.03728E-02  1.21313E-01  6.81525E-02 -4.92068E-01 -1.88464E-08 -1.58765E-01 -4.79256E-01 -9.14005E-01  0.00000E+00  0.00000E+00  4.08962E-03  0.00000E+00  0.00000E+00  4.46926E-02  3.05235E-02
 THETA3        9.95498E-03  1.21313E-01  2.49491E-02  5.00515E-01 -2.30611E-01 -1.57247E-08  1.13510E-03 -7.56595E-03 -6.67162E-02  0.00000E+00  0.00000E+00  2.80989E-01  0.00000E+00  0.00000E+00  3.33558E-01  4.05183E-01
 THETA4       -4.04687E-03  6.81525E-02  5.00515E-01  2.56567E-02 -1.54096E-01 -9.86221E-09  1.88104E-03  7.73450E-03 -2.71014E-02  0.00000E+00  0.00000E+00  1.12058E-01  0.00000E+00  0.00000E+00  3.54698E-01  8.04740E-01
 THETA5       -4.10866E-02 -4.92068E-01 -2.30611E-01 -1.54096E-01  5.16981E-02  2.17556E-08 -9.41261E-03  2.35160E-02  2.46529E-01  0.00000E+00  0.00000E+00 -5.33956E-02  0.00000E+00  0.00000E+00 -2.33543E-01  4.52699E-02
 SIGMA(1,1)   -3.11923E-08 -1.88464E-08 -1.57247E-08 -9.86221E-09  2.17556E-08  7.94096E+04  5.70472E-09  2.62706E-08  1.58453E-08  0.00000E+00  0.00000E+00  2.64044E-09  0.00000E+00  0.00000E+00 -4.67228E-09 -3.99425E-09
 OMEGA(1,1)   -2.18457E-01 -1.58765E-01  1.13510E-03  1.88104E-03 -9.41261E-03  5.70472E-09  4.46603E-03  5.89239E-01  3.27356E-01  0.00000E+00  0.00000E+00 -4.71326E-04  0.00000E+00  0.00000E+00  5.98378E-03 -2.31191E-03
 OMEGA(2,1)   -8.73895E-01 -4.79256E-01 -7.56595E-03  7.73450E-03  2.35160E-02  2.62706E-08  5.89239E-01  2.84409E-03  6.62457E-01  0.00000E+00  0.00000E+00  1.13323E-02  0.00000E+00  0.00000E+00  4.81221E-02  6.56431E-03
 OMEGA(2,2)   -5.34869E-01 -9.14005E-01 -6.67162E-02 -2.71014E-02  2.46529E-01  1.58453E-08  3.27356E-01  6.62457E-01  1.94738E-03  0.00000E+00  0.00000E+00  1.54333E-02  0.00000E+00  0.00000E+00  3.52602E-02 -5.21301E-02
 OMEGA(3,1)    0.00000E+00  0.00000E+00  0.00000E+00  0.00000E+00  0.00000E+00  0.00000E+00  0.00000E+00  0.00000E+00  0.00000E+00  0.00000E+00  0.00000E+00  0.00000E+00  0.00000E+00  0.00000E+00  0.00000E+00  0.00000E+00
 OMEGA(3,2)    0.00000E+00  0.00000E+00  0.00000E+00  0.00000E+00  0.00000E+00  0.00000E+00  0.00000E+00  0.00000E+00  0.00000E+00  0.00000E+00  0.00000E+00  0.00000E+00  0.00000E+00  0.00000E+00  0.00000E+00  0.00000E+00
 OMEGA(3,3)   -7.38969E-03  4.08962E-03  2.80989E-01  1.12058E-01 -5.33956E-02  2.64044E-09 -4.71326E-04  1.13323E-02  1.54333E-02  0.00000E+00  0.00000E+00  7.12267E-03  0.00000E+00  0.00000E+00  4.38880E-01  8.22913E-02
 OMEGA(4,1)    0.00000E+00  0.00000E+00  0.00000E+00  0.00000E+00  0.00000E+00  0.00000E+00  0.00000E+00  0.00000E+00  0.00000E+00  0.00000E+00  0.00000E+00  0.00000E+00  0.00000E+00  0.00000E+00  0.00000E+00  0.00000E+00
 OMEGA(4,2)    0.00000E+00  0.00000E+00  0.00000E+00  0.00000E+00  0.00000E+00  0.00000E+00  0.00000E+00  0.00000E+00  0.00000E+00  0.00000E+00  0.00000E+00  0.00000E+00  0.00000E+00  0.00000E+00  0.00000E+00  0.00000E+00
 OMEGA(4,3)   -3.27334E-02  4.46926E-02  3.33558E-01  3.54698E-01 -2.33543E-01 -4.67228E-09  5.98378E-03  4.81221E-02  3.52602E-02  0.00000E+00  0.00000E+00  4.38880E-01  0.00000E+00  0.00000E+00  3.95372E-03  1.89641E-01
 OMEGA(4,4)   -1.78336E-02  3.05235E-02  4.05183E-01  8.04740E-01  4.52699E-02 -3.99425E-09 -2.31191E-03  6.56431E-03 -5.21301E-02  0.00000E+00  0.00000E+00  8.22913E-02  0.00000E+00  0.00000E+00  1.89641E-01  2.98031E-03
TABLE NO.     2: Stochastic Approximation Expectation-Maximization (No Prior): Problem=1 Subproblem=0 Superproblem1=0 Iteration1=0 Superproblem2=0 Iteration2=0
 NAME         THETA1       THETA2       THETA3       THETA4       THETA5       SIGMA(1,1)   OMEGA(1,1)   OMEGA(2,1)   OMEGA(2,2)   OMEGA(3,1)   OMEGA(3,2)   OMEGA(3,3)   OMEGA(4,1)   OMEGA(4,2)   OMEGA(4,3)   OMEGA(4,4)
 THETA1        1.57387E-02 -2.59051E-01  2.26079E-03  3.09962E-03  3.29733E-03  1.57445E-02 -9.58822E-02  8.11575E-02  7.90344E-02  0.00000E+00  0.00000E+00  4.46721E-04  0.00000E+00  0.00000E+00  9.41071E-04 -4.83258E-04
 THETA2       -2.59051E-01  1.27250E-02 -6.51108E-03 -6.60303E-03  2.47143E-03 -5.91022E-02  4.43938E-02  1.00330E-01 -1.67961E-01  0.00000E+00  0.00000E+00 -5.46107E-03  0.00000E+00  0.00000E+00  8.95986E-03 -3.36931E-03
 THETA3        2.26079E-03 -6.51108E-03  2.22296E-02 -1.94782E-01  8.64981E-04  3.28266E-02  6.55222E-03  5.88703E-04 -7.75656E-04  0.00000E+00  0.00000E+00 -3.78615E-02  0.00000E+00  0.00000E+00  4.61767E-02 -3.53280E-02
 THETA4        3.09962E-03 -6.60303E-03 -1.94782E-01  2.48566E-02 -1.89111E-02  3.11328E-02  3.34359E-03 -1.70720E-03  4.05527E-03  0.00000E+00  0.00000E+00  2.31003E-02  0.00000E+00  0.00000E+00 -3.97889E-02 -9.96416E-03
 THETA5        3.29733E-03  2.47143E-03  8.64981E-04 -1.89111E-02  2.72590E-02 -4.73592E-02 -5.14569E-03  8.05360E-03  3.76604E-03  0.00000E+00  0.00000E+00  1.92163E-02  0.00000E+00  0.00000E+00 -3.94529E-03 -4.56448E-03
 SIGMA(1,1)    1.57445E-02 -5.91022E-02  3.28266E-02  3.11328E-02 -4.73592E-02  3.41854E-04  7.42432E-02 -3.76952E-02 -2.46126E-02  0.00000E+00  0.00000E+00 -8.71929E-03  0.00000E+00  0.00000E+00 -4.23899E-02 -5.49253E-02
 OMEGA(1,1)   -9.58822E-02  4.43938E-02  6.55222E-03  3.34359E-03 -5.14569E-03  7.42432E-02  5.42375E-03 -5.12292E-01  4.68835E-03  0.00000E+00  0.00000E+00 -5.50034E-03  0.00000E+00  0.00000E+00  6.37378E-04 -3.87777E-03
 OMEGA(2,1)    8.11575E-02  1.00330E-01  5.88703E-04 -1.70720E-03  8.05360E-03 -3.76952E-02 -5.12292E-01  2.76462E-03 -3.27454E-01  0.00000E+00  0.00000E+00  3.42486E-03  0.00000E+00  0.00000E+00  2.86508E-03 -6.39315E-03
 OMEGA(2,2)    7.90344E-02 -1.67961E-01 -7.75656E-04  4.05527E-03  3.76604E-03 -2.46126E-02  4.68835E-03 -3.27454E-01  2.58726E-03  0.00000E+00  0.00000E+00  4.03250E-03  0.00000E+00  0.00000E+00 -3.57798E-03  9.36787E-03
 OMEGA(3,1)    0.00000E+00  0.00000E+00  0.00000E+00  0.00000E+00  0.00000E+00  0.00000E+00  0.00000E+00  0.00000E+00  0.00000E+00  0.00000E+00  0.00000E+00  0.00000E+00  0.00000E+00  0.00000E+00  0.00000E+00  0.00000E+00
 OMEGA(3,2)    0.00000E+00  0.00000E+00  0.00000E+00  0.00000E+00  0.00000E+00  0.00000E+00  0.00000E+00  0.00000E+00  0.00000E+00  0.00000E+00  0.00000E+00  0.00000E+00  0.00000E+00  0.00000E+00  0.00000E+00  0.00000E+00
 OMEGA(3,3)    4.46721E-04 -5.46107E-03 -3.78615E-02  2.31003E-02  1.92163E-02 -8.71929E-03 -5.50034E-03  3.42486E-03  4.03250E-03  0.00000E+00  0.00000E+00  7.07741E-03  0.00000E+00  0.00000E+00 -3.35654E-01  5.06659E-02
 OMEGA(4,1)    0.00000E+00  0.00000E+00  0.00000E+00  0.00000E+00  0.00000E+00  0.00000E+00  0.00000E+00  0.00000E+00  0.00000E+00  0.00000E+00  0.00000E+00  0.00000E+00  0.00000E+00  0.00000E+00  0.00000E+00  0.00000E+00
 OMEGA(4,2)    0.00000E+00  0.00000E+00  0.00000E+00  0.00000E+00  0.00000E+00  0.00000E+00  0.00000E+00  0.00000E+00  0.00000E+00  0.00000E+00  0.00000E+00  0.00000E+00  0.00000E+00  0.00000E+00  0.00000E+00  0.00000E+00
 OMEGA(4,3)    9.41071E-04  8.95986E-03  4.61767E-02 -3.97889E-02 -3.94529E-03 -4.23899E-02  6.37378E-04  2.86508E-03 -3.57798E-03  0.00000E+00  0.00000E+00 -3.35654E-01  0.00000E+00  0.00000E+00  5.70478E-03 -3.87386E-01
 OMEGA(4,4)   -4.83258E-04 -3.36931E-03 -3.53280E-02 -9.96416E-03 -4.56448E-03 -5.49253E-02 -3.87777E-03 -6.39315E-03  9.36787E-03  0.00000E+00  0.00000E+00  5.06659E-02  0.00000E+00  0.00000E+00 -3.87386E-01  9.04761E-03
TABLE NO.     3: Objective Function Evaluation by Importance Sampling (No Prior): Problem=1 Subproblem=0 Superproblem1=0 Iteration1=0 Superproblem2=0 Iteration2=0
 NAME         THETA1       THETA2       THETA3       THETA4       THETA5       SIGMA(1,1)   OMEGA(1,1)   OMEGA(2,1)   OMEGA(2,2)   OMEGA(3,1)   OMEGA(3,2)   OMEGA(3,3)   OMEGA(4,1)   OMEGA(4,2)   OMEGA(4,3)   OMEGA(4,4)
 THETA1        1.55823E-02 -2.56565E-01  1.36995E-04 -6.87105E-04  6.68249E-03  1.98703E-02  3.35299E-03 -1.51405E-03  8.72979E-03  0.00000E+00  0.00000E+00  1.64432E-03  0.00000E+00  0.00000E+00 -1.75520E-04  2.54314E-05
 THETA2       -2.56565E-01  1.24297E-02  2.75285E-04  1.45327E-03 -4.65551E-03 -8.55183E-03 -2.25963E-03  1.77575E-02 -3.97310E-02  0.00000E+00  0.00000E+00 -1.42686E-03  0.00000E+00  0.00000E+00  8.36673E-04 -5.59589E-04
 THETA3        1.36995E-04  2.75285E-04  2.23907E-02 -2.04206E-01  6.63875E-04  1.11463E-02  1.51591E-03 -1.51639E-03  3.07763E-03  0.00000E+00  0.00000E+00 -2.07767E-02  0.00000E+00  0.00000E+00  1.02820E-02 -3.61773E-03
 THETA4       -6.87105E-04  1.45327E-03 -2.04206E-01  2.46864E-02 -1.35008E-02  1.19292E-03  3.68770E-04 -1.31244E-03  6.20212E-04  0.00000E+00  0.00000E+00 -1.17360E-03  0.00000E+00  0.00000E+00 -6.34612E-03  2.58691E-02
 THETA5        6.68249E-03 -4.65551E-03  6.63875E-04 -1.35008E-02  2.72504E-02 -4.34437E-02  6.55903E-03  1.42979E-03  5.53715E-03  0.00000E+00  0.00000E+00  1.32592E-02  0.00000E+00  0.00000E+00 -2.10288E-03 -7.51908E-03
 SIGMA(1,1)    1.98703E-02 -8.55183E-03  1.11463E-02  1.19292E-03 -4.34437E-02  3.42254E-04 -1.00205E-02  1.51983E-02 -2.70951E-02  0.00000E+00  0.00000E+00 -4.27628E-03  0.00000E+00  0.00000E+00  8.23831E-04  5.04633E-03
 OMEGA(1,1)    3.35299E-03 -2.25963E-03  1.51591E-03  3.68770E-04  6.55903E-03 -1.00205E-02  4.80559E-03 -3.46889E-01  6.34815E-02  0.00000E+00  0.00000E+00  2.72986E-04  0.00000E+00  0.00000E+00 -1.03796E-03 -5.28874E-04
 OMEGA(2,1)   -1.51405E-03  1.77575E-02 -1.51639E-03 -1.31244E-03  1.42979E-03  1.51983E-02 -3.46889E-01  2.82769E-03 -3.44303E-01  0.00000E+00  0.00000E+00  2.32795E-04  0.00000E+00  0.00000E+00  1.00568E-04  4.67978E-04
 OMEGA(2,2)    8.72979E-03 -3.97310E-02  3.07763E-03  6.20212E-04  5.53715E-03 -2.70951E-02  6.34815E-02 -3.44303E-01  3.12269E-03  0.00000E+00  0.00000E+00 -3.57886E-04  0.00000E+00  0.00000E+00 -2.23216E-03  1.08017E-03
 OMEGA(3,1)    0.00000E+00  0.00000E+00  0.00000E+00  0.00000E+00  0.00000E+00  0.00000E+00  0.00000E+00  0.00000E+00  0.00000E+00  0.00000E+00  0.00000E+00  0.00000E+00  0.00000E+00  0.00000E+00  0.00000E+00  0.00000E+00
 OMEGA(3,2)    0.00000E+00  0.00000E+00  0.00000E+00  0.00000E+00  0.00000E+00  0.00000E+00  0.00000E+00  0.00000E+00  0.00000E+00  0.00000E+00  0.00000E+00  0.00000E+00  0.00000E+00  0.00000E+00  0.00000E+00  0.00000E+00
 OMEGA(3,3)    1.64432E-03 -1.42686E-03 -2.07767E-02 -1.17360E-03  1.32592E-02 -4.27628E-03  2.72986E-04  2.32795E-04 -3.57886E-04  0.00000E+00  0.00000E+00  6.87938E-03  0.00000E+00  0.00000E+00 -2.67957E-01  3.61475E-02
 OMEGA(4,1)    0.00000E+00  0.00000E+00  0.00000E+00  0.00000E+00  0.00000E+00  0.00000E+00  0.00000E+00  0.00000E+00  0.00000E+00  0.00000E+00  0.00000E+00  0.00000E+00  0.00000E+00  0.00000E+00  0.00000E+00  0.00000E+00
 OMEGA(4,2)    0.00000E+00  0.00000E+00  0.00000E+00  0.00000E+00  0.00000E+00  0.00000E+00  0.00000E+00  0.00000E+00  0.00000E+00  0.00000E+00  0.00000E+00  0.00000E+00  0.00000E+00  0.00000E+00  0.00000E+00  0.00000E+00
 OMEGA(4,3)   -1.75520E-04  8.36673E-04  1.02820E-02 -6.34612E-03 -2.10288E-03  8.23831E-04 -1.03796E-03  1.00568E-04 -2.23216E-03  0.00000E+00  0.00000E+00 -2.67957E-01  0.00000E+00  0.00000E+00  5.56289E-03 -2.59656E-01
 OMEGA(4,4)    2.54314E-05 -5.59589E-04 -3.61773E-03  2.58691E-02 -7.51908E-03  5.04633E-03 -5.28874E-04  4.67978E-04  1.08017E-03  0.00000E+00  0.00000E+00  3.61475E-02  0.00000E+00  0.00000E+00 -2.59656E-01  8.61021E-03
