TABLE NO.     1: Iterative Two Stage (No Prior): Problem=1 Subproblem=0 Superproblem1=0 Iteration1=0 Superproblem2=0 Iteration2=0
 NAME         THETA1       THETA2       THETA3       THETA4       THETA5       SIGMA(1,1)   OMEGA(1,1)   OMEGA(2,1)   OMEGA(2,2)   OMEGA(3,1)   OMEGA(3,2)   OMEGA(3,3)   OMEGA(4,1)   OMEGA(4,2)   OMEGA(4,3)   OMEGA(4,4)
 THETA1        4.43324E+03  1.46645E+03 -3.49419E-03 -1.97654E-02 -7.75318E-03 -2.29271E+03  3.14114E+02 -3.08295E+03 -2.14418E+03  0.00000E+00  0.00000E+00 -1.79267E-02  0.00000E+00  0.00000E+00  5.76409E-02  1.79947E-01
 THETA2        1.46645E+03  7.09509E+03 -7.46505E-02 -2.17757E-01 -8.33566E-02  1.21952E+04 -1.52740E+03 -4.32635E+03  3.62862E+03  0.00000E+00  0.00000E+00  1.62961E-01  0.00000E+00  0.00000E+00  1.42537E+00  2.03822E+00
 THETA3       -3.49419E-03 -7.46505E-02  2.02223E+03  3.80144E+02 -1.73926E-02 -4.93695E+03  2.24381E-02 -4.35878E-02 -5.91065E-01  0.00000E+00  0.00000E+00  1.53895E+02  0.00000E+00  0.00000E+00 -5.47685E+01  1.54007E+02
 THETA4       -1.97654E-02 -2.17757E-01  3.80144E+02  1.72516E+03 -5.74373E-02 -3.44791E+03  7.87319E-02 -2.82337E-01 -1.74036E+00  0.00000E+00  0.00000E+00 -2.54955E+01  0.00000E+00  0.00000E+00  3.16763E+02  2.59271E+02
 THETA5       -7.75318E-03 -8.33566E-02 -1.73926E-02 -5.74373E-02  1.34997E+03  4.68974E+03  2.99870E-02 -1.12264E-01 -6.68673E-01  0.00000E+00  0.00000E+00  6.36820E-02  0.00000E+00  0.00000E+00  4.35827E-01  5.55601E-01
 SIGMA(1,1)   -2.29271E+03  1.21952E+04 -4.93695E+03 -3.44791E+03  4.68974E+03  8.66821E+06 -3.98455E+04  1.65221E+04  4.80902E+04  0.00000E+00  0.00000E+00  1.27850E+04  0.00000E+00  0.00000E+00  4.29802E+04  2.76475E+04
 OMEGA(1,1)    3.14114E+02 -1.52740E+03  2.24381E-02  7.87319E-02  2.99870E-02 -3.98455E+04  4.94193E+04  5.68685E+04  1.82126E+04  0.00000E+00  0.00000E+00  1.63364E-03  0.00000E+00  0.00000E+00 -4.14234E-01 -7.24900E-01
 OMEGA(2,1)   -3.08295E+03 -4.32635E+03 -4.35878E-02 -2.82337E-01 -1.12264E-01  1.65221E+04  5.68685E+04  2.19704E+05  7.65845E+04  0.00000E+00  0.00000E+00 -3.32523E-01  0.00000E+00  0.00000E+00  6.77472E-01  2.54379E+00
 OMEGA(2,2)   -2.14418E+03  3.62862E+03 -5.91065E-01 -1.74036E+00 -6.68673E-01  4.80902E+04  1.82126E+04  7.65845E+04  1.90381E+05  0.00000E+00  0.00000E+00  1.22882E+00  0.00000E+00  0.00000E+00  1.12509E+01  1.62443E+01
 OMEGA(3,1)    0.00000E+00  0.00000E+00  0.00000E+00  0.00000E+00  0.00000E+00  0.00000E+00  0.00000E+00  0.00000E+00  0.00000E+00  0.00000E+00  0.00000E+00  0.00000E+00  0.00000E+00  0.00000E+00  0.00000E+00  0.00000E+00
 OMEGA(3,2)    0.00000E+00  0.00000E+00  0.00000E+00  0.00000E+00  0.00000E+00  0.00000E+00  0.00000E+00  0.00000E+00  0.00000E+00  0.00000E+00  0.00000E+00  0.00000E+00  0.00000E+00  0.00000E+00  0.00000E+00  0.00000E+00
 OMEGA(3,3)   -1.79267E-02  1.62961E-01  1.53895E+02 -2.54955E+01  6.36820E-02  1.27850E+04  1.63364E-03 -3.32523E-01  1.22882E+00  0.00000E+00  0.00000E+00  2.09747E+04  0.00000E+00  0.00000E+00  1.03553E+04  1.77718E+03
 OMEGA(4,1)    0.00000E+00  0.00000E+00  0.00000E+00  0.00000E+00  0.00000E+00  0.00000E+00  0.00000E+00  0.00000E+00  0.00000E+00  0.00000E+00  0.00000E+00  0.00000E+00  0.00000E+00  0.00000E+00  0.00000E+00  0.00000E+00
 OMEGA(4,2)    0.00000E+00  0.00000E+00  0.00000E+00  0.00000E+00  0.00000E+00  0.00000E+00  0.00000E+00  0.00000E+00  0.00000E+00  0.00000E+00  0.00000E+00  0.00000E+00  0.00000E+00  0.00000E+00  0.00000E+00  0.00000E+00
 OMEGA(4,3)    5.76409E-02  1.42537E+00 -5.47685E+01  3.16763E+02  4.35827E-01  4.29802E+04 -4.14234E-01  6.77472E-01  1.12509E+01  0.00000E+00  0.00000E+00  1.03553E+04  0.00000E+00  0.00000E+00  4.07787E+04  1.02526E+04
 OMEGA(4,4)    1.79947E-01  2.03822E+00  1.54007E+02  2.59271E+02  5.55601E-01  2.76475E+04 -7.24900E-01  2.54379E+00  1.62443E+01  0.00000E+00  0.00000E+00  1.77718E+03  0.00000E+00  0.00000E+00  1.02526E+04  1.53256E+04
TABLE NO.     2: MCMC Bayesian Analysis: Problem=1 Subproblem=0 Superproblem1=0 Iteration1=0 Superproblem2=0 Iteration2=0
 NAME         THETA1       THETA2       THETA3       THETA4       THETA5       SIGMA(1,1)   OMEGA(1,1)   OMEGA(2,1)   OMEGA(2,2)   OMEGA(3,1)   OMEGA(3,2)   OMEGA(3,3)   OMEGA(4,1)   OMEGA(4,2)   OMEGA(4,3)   OMEGA(4,4)
 THETA1        4.46426E+03  1.44085E+03  7.27387E+01  2.25699E+01  1.09607E+01  2.17736E+03 -2.45595E+02 -5.21423E+02 -3.48730E+02  0.00000E+00  0.00000E+00 -4.92606E+01  0.00000E+00  0.00000E+00 -2.73876E+01 -2.20134E+02
 THETA2        1.44085E+03  6.85084E+03  6.81282E+01 -4.04895E+00 -1.51650E+01  1.86906E+03  9.00374E+01 -2.36328E+02  8.55623E+02  0.00000E+00  0.00000E+00 -2.80113E+01  0.00000E+00  0.00000E+00  2.28869E+02  2.70420E+02
 THETA3        7.27387E+01  6.81282E+01  1.95705E+03  3.89557E+02  6.01521E+00 -3.96884E+02 -7.24580E+01 -9.60892E+01 -8.03447E+01  0.00000E+00  0.00000E+00  2.06272E+01  0.00000E+00  0.00000E+00  7.20828E+01  1.06299E+02
 THETA4        2.25699E+01 -4.04895E+00  3.89557E+02  1.67112E+03  3.46803E+00  9.28219E+02  1.07140E+02 -6.77332E+01 -1.31624E+02  0.00000E+00  0.00000E+00  6.06587E+01  0.00000E+00  0.00000E+00  3.88347E+02  1.31384E+02
 THETA5        1.09607E+01 -1.51650E+01  6.01521E+00  3.46803E+00  1.38357E+03  6.60529E+02  6.60849E+01 -5.02321E+01  4.93147E+01  0.00000E+00  0.00000E+00 -9.25565E+01  0.00000E+00  0.00000E+00 -4.80075E+01 -4.10036E+01
 SIGMA(1,1)    2.17736E+03  1.86906E+03 -3.96884E+02  9.28219E+02  6.60529E+02  8.55145E+06  4.40978E+03 -1.08665E+03  2.12001E+04  0.00000E+00  0.00000E+00  3.24894E+03  0.00000E+00  0.00000E+00 -1.28318E+04 -9.76328E+01
 OMEGA(1,1)   -2.45595E+02  9.00374E+01 -7.24580E+01  1.07140E+02  6.60849E+01  4.40978E+03  4.62269E+04  3.15767E+04  3.31923E+03  0.00000E+00  0.00000E+00  2.05169E+02  0.00000E+00  0.00000E+00  1.47294E+02  8.73348E+01
 OMEGA(2,1)   -5.21423E+02 -2.36328E+02 -9.60892E+01 -6.77332E+01 -5.02321E+01 -1.08665E+03  3.15767E+04  1.59922E+05  4.75552E+04  0.00000E+00  0.00000E+00  4.62186E+02  0.00000E+00  0.00000E+00 -1.98981E+03 -6.20094E+02
 OMEGA(2,2)   -3.48730E+02  8.55623E+02 -8.03447E+01 -1.31624E+02  4.93147E+01  2.12001E+04  3.31923E+03  4.75552E+04  1.12852E+05  0.00000E+00  0.00000E+00 -4.70307E+02  0.00000E+00  0.00000E+00 -6.52874E+02  3.15328E+01
 OMEGA(3,1)    0.00000E+00  0.00000E+00  0.00000E+00  0.00000E+00  0.00000E+00  0.00000E+00  0.00000E+00  0.00000E+00  0.00000E+00  0.00000E+00  0.00000E+00  0.00000E+00  0.00000E+00  0.00000E+00  0.00000E+00  0.00000E+00
 OMEGA(3,2)    0.00000E+00  0.00000E+00  0.00000E+00  0.00000E+00  0.00000E+00  0.00000E+00  0.00000E+00  0.00000E+00  0.00000E+00  0.00000E+00  0.00000E+00  0.00000E+00  0.00000E+00  0.00000E+00  0.00000E+00  0.00000E+00
 OMEGA(3,3)   -4.92606E+01 -2.80113E+01  2.06272E+01  6.06587E+01 -9.25565E+01  3.24894E+03  2.05169E+02  4.62186E+02 -4.70307E+02  0.00000E+00  0.00000E+00  1.89391E+04  0.00000E+00  0.00000E+00  7.30795E+03  8.52670E+02
 OMEGA(4,1)    0.00000E+00  0.00000E+00  0.00000E+00  0.00000E+00  0.00000E+00  0.00000E+00  0.00000E+00  0.00000E+00  0.00000E+00  0.00000E+00  0.00000E+00  0.00000E+00  0.00000E+00  0.00000E+00  0.00000E+00  0.00000E+00
 OMEGA(4,2)    0.00000E+00  0.00000E+00  0.00000E+00  0.00000E+00  0.00000E+00  0.00000E+00  0.00000E+00  0.00000E+00  0.00000E+00  0.00000E+00  0.00000E+00  0.00000E+00  0.00000E+00  0.00000E+00  0.00000E+00  0.00000E+00
 OMEGA(4,3)   -2.73876E+01  2.28869E+02  7.20828E+01  3.88347E+02 -4.80075E+01 -1.28318E+04  1.47294E+02 -1.98981E+03 -6.52874E+02  0.00000E+00  0.00000E+00  7.30795E+03  0.00000E+00  0.00000E+00  3.39738E+04  5.26766E+03
 OMEGA(4,4)   -2.20134E+02  2.70420E+02  1.06299E+02  1.31384E+02 -4.10036E+01 -9.76328E+01  8.73348E+01 -6.20094E+02  3.15328E+01  0.00000E+00  0.00000E+00  8.52670E+02  0.00000E+00  0.00000E+00  5.26766E+03  1.33792E+04
