TABLE NO.     1: First Order Conditional Estimation with Interaction: Problem=1 Subproblem=0 Superproblem1=0 Iteration1=0 Superproblem2=0 Iteration2=0
 NAME         THETA1       THETA2       THETA3       THETA4       THETA5       SIGMA(1,1)   OMEGA(1,1)   OMEGA(2,1)   OMEGA(2,2)   OMEGA(3,1)   OMEGA(3,2)   OMEGA(3,3)   OMEGA(4,1)   OMEGA(4,2)   OMEGA(4,3)   OMEGA(4,4)
 THETA1        2.40764E-04 -5.00682E-05  1.10195E-07 -1.66256E-09 -9.36220E-10  1.15082E-07  3.67660E-08 -8.02329E-08  3.23376E-07  0.00000E+00  0.00000E+00 -2.23949E-08  0.00000E+00  0.00000E+00  4.74316E-09  3.79940E-10
 THETA2       -5.00682E-05  1.51297E-04  1.87793E-08  1.73723E-08  5.13398E-09  1.75303E-08 -1.46907E-07  3.87534E-07 -1.28467E-06  0.00000E+00  0.00000E+00 -3.09594E-09  0.00000E+00  0.00000E+00 -1.72474E-09 -1.83365E-08
 THETA3        1.10195E-07  1.87793E-08  5.12786E-04 -1.13214E-04  2.48904E-09  1.13506E-07 -1.97928E-08  1.47869E-08 -2.77547E-08  0.00000E+00  0.00000E+00  1.06091E-07  0.00000E+00  0.00000E+00 -1.86753E-07  4.06408E-07
 THETA4       -1.66256E-09  1.73723E-08 -1.13214E-04  6.01029E-04  2.32792E-08  1.45952E-09 -1.16996E-09 -1.20976E-09  8.02475E-09  0.00000E+00  0.00000E+00 -6.76567E-08  0.00000E+00  0.00000E+00  2.12487E-07 -7.48854E-07
 THETA5       -9.36220E-10  5.13398E-09  2.48904E-09  2.32792E-08  7.40734E-04 -4.32046E-12 -2.71712E-10 -4.24441E-10  2.51866E-09  0.00000E+00  0.00000E+00  4.69045E-10  0.00000E+00  0.00000E+00 -3.07595E-09 -2.43580E-08
 SIGMA(1,1)    1.15082E-07  1.75303E-08  1.13506E-07  1.45952E-09 -4.32046E-12  1.17747E-07 -2.06289E-08  1.57228E-08 -2.97675E-08  0.00000E+00  0.00000E+00 -2.30644E-08  0.00000E+00  0.00000E+00  3.97019E-09 -2.87938E-09
 OMEGA(1,1)    3.67660E-08 -1.46907E-07 -1.97928E-08 -1.16996E-09 -2.71712E-10 -2.06289E-08  2.31733E-05 -4.83088E-06  9.95098E-07  0.00000E+00  0.00000E+00  3.90208E-09  0.00000E+00  0.00000E+00 -7.80691E-10  1.46158E-09
 OMEGA(2,1)   -8.02329E-08  3.87534E-07  1.47869E-08 -1.20976E-09 -4.24441E-10  1.57228E-08 -4.83088E-06  7.78858E-06 -3.00331E-06  0.00000E+00  0.00000E+00 -2.98971E-09  0.00000E+00  0.00000E+00  9.56183E-10  1.06861E-09
 OMEGA(2,2)    3.23376E-07 -1.28467E-06 -2.77547E-08  8.02475E-09  2.51866E-09 -2.97675E-08  9.95098E-07 -3.00331E-06  9.12599E-06  0.00000E+00  0.00000E+00  5.99081E-09  0.00000E+00  0.00000E+00 -2.15946E-09 -8.01299E-09
 OMEGA(3,1)    0.00000E+00  0.00000E+00  0.00000E+00  0.00000E+00  0.00000E+00  0.00000E+00  0.00000E+00  0.00000E+00  0.00000E+00  0.00000E+00  0.00000E+00  0.00000E+00  0.00000E+00  0.00000E+00  0.00000E+00  0.00000E+00
 OMEGA(3,2)    0.00000E+00  0.00000E+00  0.00000E+00  0.00000E+00  0.00000E+00  0.00000E+00  0.00000E+00  0.00000E+00  0.00000E+00  0.00000E+00  0.00000E+00  0.00000E+00  0.00000E+00  0.00000E+00  0.00000E+00  0.00000E+00
 OMEGA(3,3)   -2.23949E-08 -3.09594E-09  1.06091E-07 -6.76567E-08  4.69045E-10 -2.30644E-08  3.90208E-09 -2.98971E-09  5.99081E-09  0.00000E+00  0.00000E+00  5.25773E-05  0.00000E+00  0.00000E+00 -1.16264E-05  2.58723E-06
 OMEGA(4,1)    0.00000E+00  0.00000E+00  0.00000E+00  0.00000E+00  0.00000E+00  0.00000E+00  0.00000E+00  0.00000E+00  0.00000E+00  0.00000E+00  0.00000E+00  0.00000E+00  0.00000E+00  0.00000E+00  0.00000E+00  0.00000E+00
 OMEGA(4,2)    0.00000E+00  0.00000E+00  0.00000E+00  0.00000E+00  0.00000E+00  0.00000E+00  0.00000E+00  0.00000E+00  0.00000E+00  0.00000E+00  0.00000E+00  0.00000E+00  0.00000E+00  0.00000E+00  0.00000E+00  0.00000E+00
 OMEGA(4,3)    4.74316E-09 -1.72474E-09 -1.86753E-07  2.12487E-07 -3.07595E-09  3.97019E-09 -7.80691E-10  9.56183E-10 -2.15946E-09  0.00000E+00  0.00000E+00 -1.16264E-05  0.00000E+00  0.00000E+00  3.21238E-05 -1.36366E-05
 OMEGA(4,4)    3.79940E-10 -1.83365E-08  4.06408E-07 -7.48854E-07 -2.43580E-08 -2.87938E-09  1.46158E-09  1.06861E-09 -8.01299E-09  0.00000E+00  0.00000E+00  2.58723E-06  0.00000E+00  0.00000E+00 -1.36366E-05  7.23881E-05
