TABLE NO.     1: First Order Conditional Estimation with Interaction: Problem=1 Subproblem=0 Superproblem1=0 Iteration1=0 Superproblem2=0 Iteration2=0
 NAME         THETA1       THETA2       THETA3       THETA4       THETA5       SIGMA(1,1)   OMEGA(1,1)   OMEGA(2,1)   OMEGA(2,2)   OMEGA(3,1)   OMEGA(3,2)   OMEGA(3,3)   OMEGA(4,1)   OMEGA(4,2)   OMEGA(4,3)   OMEGA(4,4)
 THETA1        1.55166E-02 -2.62332E-01  3.13615E-04 -4.37052E-06 -2.21692E-06  2.16141E-02  4.92216E-04 -1.85279E-03  6.89877E-03  0.00000E+00  0.00000E+00 -1.99046E-04  0.00000E+00  0.00000E+00  5.39335E-05  2.87796E-06
 THETA2       -2.62332E-01  1.23003E-02  6.74212E-05  5.76096E-05  1.53359E-05  4.15336E-03 -2.48103E-03  1.12893E-02 -3.45730E-02  0.00000E+00  0.00000E+00 -3.47119E-05  0.00000E+00  0.00000E+00 -2.47398E-05 -1.75214E-04
 THETA3        3.13615E-04  6.74212E-05  2.26448E-02 -2.03931E-01  4.03862E-06  1.46075E-02 -1.81570E-04  2.33981E-04 -4.05723E-04  0.00000E+00  0.00000E+00  6.46115E-04  0.00000E+00  0.00000E+00 -1.45508E-03  2.10941E-03
 THETA4       -4.37052E-06  5.76096E-05 -2.03931E-01  2.45159E-02  3.48890E-05  1.73495E-04 -9.91351E-06 -1.76817E-05  1.08354E-04  0.00000E+00  0.00000E+00 -3.80596E-04  0.00000E+00  0.00000E+00  1.52922E-03 -3.59018E-03
 THETA5       -2.21692E-06  1.53359E-05  4.03862E-06  3.48890E-05  2.72164E-02 -4.62619E-07 -2.07388E-06 -5.58801E-06  3.06336E-05  0.00000E+00  0.00000E+00  2.37676E-06  0.00000E+00  0.00000E+00 -1.99404E-05 -1.05191E-04
 SIGMA(1,1)    2.16141E-02  4.15336E-03  1.46075E-02  1.73495E-04 -4.62619E-07  3.43143E-04 -1.24884E-02  1.64182E-02 -2.87162E-02  0.00000E+00  0.00000E+00 -9.26976E-03  0.00000E+00  0.00000E+00  2.04137E-03 -9.86258E-04
 OMEGA(1,1)    4.92216E-04 -2.48103E-03 -1.81570E-04 -9.91351E-06 -2.07388E-06 -1.24884E-02  4.81387E-03 -3.59586E-01  6.84276E-02  0.00000E+00  0.00000E+00  1.11790E-04  0.00000E+00  0.00000E+00 -2.86135E-05  3.56858E-05
 OMEGA(2,1)   -1.85279E-03  1.12893E-02  2.33981E-04 -1.76817E-05 -5.58801E-06  1.64182E-02 -3.59586E-01  2.79080E-03 -3.56230E-01  0.00000E+00  0.00000E+00 -1.47741E-04  0.00000E+00  0.00000E+00  6.04503E-05  4.50046E-05
 OMEGA(2,2)    6.89877E-03 -3.45730E-02 -4.05723E-04  1.08354E-04  3.06336E-05 -2.87162E-02  6.84276E-02 -3.56230E-01  3.02092E-03  0.00000E+00  0.00000E+00  2.73493E-04  0.00000E+00  0.00000E+00 -1.26122E-04 -3.11760E-04
 OMEGA(3,1)    0.00000E+00  0.00000E+00  0.00000E+00  0.00000E+00  0.00000E+00  0.00000E+00  0.00000E+00  0.00000E+00  0.00000E+00  0.00000E+00  0.00000E+00  0.00000E+00  0.00000E+00  0.00000E+00  0.00000E+00  0.00000E+00
 OMEGA(3,2)    0.00000E+00  0.00000E+00  0.00000E+00  0.00000E+00  0.00000E+00  0.00000E+00  0.00000E+00  0.00000E+00  0.00000E+00  0.00000E+00  0.00000E+00  0.00000E+00  0.00000E+00  0.00000E+00  0.00000E+00  0.00000E+00
 OMEGA(3,3)   -1.99046E-04 -3.47119E-05  6.46115E-04 -3.80596E-04  2.37676E-06 -9.26976E-03  1.11790E-04 -1.47741E-04  2.73493E-04  0.00000E+00  0.00000E+00  7.25102E-03  0.00000E+00  0.00000E+00 -2.82900E-01  4.19375E-02
 OMEGA(4,1)    0.00000E+00  0.00000E+00  0.00000E+00  0.00000E+00  0.00000E+00  0.00000E+00  0.00000E+00  0.00000E+00  0.00000E+00  0.00000E+00  0.00000E+00  0.00000E+00  0.00000E+00  0.00000E+00  0.00000E+00  0.00000E+00
 OMEGA(4,2)    0.00000E+00  0.00000E+00  0.00000E+00  0.00000E+00  0.00000E+00  0.00000E+00  0.00000E+00  0.00000E+00  0.00000E+00  0.00000E+00  0.00000E+00  0.00000E+00  0.00000E+00  0.00000E+00  0.00000E+00  0.00000E+00
 OMEGA(4,3)    5.39335E-05 -2.47398E-05 -1.45508E-03  1.52922E-03 -1.99404E-05  2.04137E-03 -2.86135E-05  6.04503E-05 -1.26122E-04  0.00000E+00  0.00000E+00 -2.82900E-01  0.00000E+00  0.00000E+00  5.66779E-03 -2.82786E-01
 OMEGA(4,4)    2.87796E-06 -1.75214E-04  2.10941E-03 -3.59018E-03 -1.05191E-04 -9.86258E-04  3.56858E-05  4.50046E-05 -3.11760E-04  0.00000E+00  0.00000E+00  4.19375E-02  0.00000E+00  0.00000E+00 -2.82786E-01  8.50812E-03
