TABLE NO.     1: Iterative Two Stage: Problem=1 Subproblem=0 Superproblem1=0 Iteration1=0 Superproblem2=0 Iteration2=0
 NAME         THETA1       THETA2       THETA3       THETA4       THETA5       SIGMA(1,1)   OMEGA(1,1)   OMEGA(2,1)   OMEGA(2,2)   OMEGA(3,1)   OMEGA(3,2)   OMEGA(3,3)   OMEGA(4,1)   OMEGA(4,2)   OMEGA(4,3)   OMEGA(4,4)
 THETA1        1.15477E+04 -2.38791E+04 -1.86236E+00  3.94042E+02 -1.92597E+03  0.00000E+00 -4.85858E+04  2.61844E+05 -2.79836E+05  0.00000E+00  0.00000E+00  8.35624E+01  0.00000E+00  0.00000E+00 -8.89977E+00 -4.25107E+03
 THETA2       -2.38791E+04  8.40353E+04  1.09279E+02 -1.36237E+03  7.43759E+03  0.00000E+00  8.64090E+04 -5.67155E+05  9.23379E+05  0.00000E+00  0.00000E+00 -1.10317E+02  0.00000E+00  0.00000E+00 -2.27011E+03  1.46997E+04
 THETA3       -1.86236E+00  1.09279E+02  2.39707E+03 -8.15240E+02  1.83201E+02  0.00000E+00 -1.44923E+02 -3.27322E+01  1.73019E+03  0.00000E+00  0.00000E+00 -1.63457E+03  0.00000E+00  0.00000E+00 -1.08558E+03 -1.99682E+03
 THETA4        3.94042E+02 -1.36237E+03 -8.15240E+02  5.65899E+03  2.72954E+02  0.00000E+00 -1.77036E+03  1.27063E+04 -2.17404E+04  0.00000E+00  0.00000E+00  1.39818E+03  0.00000E+00  0.00000E+00 -6.03758E+03 -3.58377E+04
 THETA5       -1.92597E+03  7.43759E+03  1.83201E+02  2.72954E+02  1.16559E+03  0.00000E+00  6.67660E+03 -4.39509E+04  7.54728E+04  0.00000E+00  0.00000E+00 -2.43629E+02  0.00000E+00  0.00000E+00  8.25906E+02 -2.82594E+03
 SIGMA(1,1)    0.00000E+00  0.00000E+00  0.00000E+00  0.00000E+00  0.00000E+00  0.00000E+00  0.00000E+00  0.00000E+00  0.00000E+00  0.00000E+00  0.00000E+00  0.00000E+00  0.00000E+00  0.00000E+00  0.00000E+00  0.00000E+00
 OMEGA(1,1)   -4.85858E+04  8.64090E+04 -1.44923E+02 -1.77036E+03  6.67660E+03  0.00000E+00  2.87869E+05 -1.17261E+06  1.05794E+06  0.00000E+00  0.00000E+00 -5.71492E+02  0.00000E+00  0.00000E+00  3.46729E+03  1.90827E+04
 OMEGA(2,1)    2.61844E+05 -5.67155E+05 -3.27322E+01  1.27063E+04 -4.39509E+04  0.00000E+00 -1.17261E+06  6.27325E+06 -6.86280E+06  0.00000E+00  0.00000E+00  2.76169E+03  0.00000E+00  0.00000E+00 -8.88447E+02 -1.36948E+05
 OMEGA(2,2)   -2.79836E+05  9.23379E+05  1.73019E+03 -2.17404E+04  7.54728E+04  0.00000E+00  1.05794E+06 -6.86280E+06  1.07532E+07  0.00000E+00  0.00000E+00 -1.80729E+03  0.00000E+00  0.00000E+00 -3.59144E+04  2.34387E+05
 OMEGA(3,1)    0.00000E+00  0.00000E+00  0.00000E+00  0.00000E+00  0.00000E+00  0.00000E+00  0.00000E+00  0.00000E+00  0.00000E+00  0.00000E+00  0.00000E+00  0.00000E+00  0.00000E+00  0.00000E+00  0.00000E+00  0.00000E+00
 OMEGA(3,2)    0.00000E+00  0.00000E+00  0.00000E+00  0.00000E+00  0.00000E+00  0.00000E+00  0.00000E+00  0.00000E+00  0.00000E+00  0.00000E+00  0.00000E+00  0.00000E+00  0.00000E+00  0.00000E+00  0.00000E+00  0.00000E+00
 OMEGA(3,3)    8.35624E+01 -1.10317E+02 -1.63457E+03  1.39818E+03 -2.43629E+02  0.00000E+00 -5.71492E+02  2.76169E+03 -1.80729E+03  0.00000E+00  0.00000E+00  2.57469E+04  0.00000E+00  0.00000E+00 -2.03172E+04 -3.93652E+03
 OMEGA(4,1)    0.00000E+00  0.00000E+00  0.00000E+00  0.00000E+00  0.00000E+00  0.00000E+00  0.00000E+00  0.00000E+00  0.00000E+00  0.00000E+00  0.00000E+00  0.00000E+00  0.00000E+00  0.00000E+00  0.00000E+00  0.00000E+00
 OMEGA(4,2)    0.00000E+00  0.00000E+00  0.00000E+00  0.00000E+00  0.00000E+00  0.00000E+00  0.00000E+00  0.00000E+00  0.00000E+00  0.00000E+00  0.00000E+00  0.00000E+00  0.00000E+00  0.00000E+00  0.00000E+00  0.00000E+00
 OMEGA(4,3)   -8.89977E+00 -2.27011E+03 -1.08558E+03 -6.03758E+03  8.25906E+02  0.00000E+00  3.46729E+03 -8.88447E+02 -3.59144E+04  0.00000E+00  0.00000E+00 -2.03172E+04  0.00000E+00  0.00000E+00  9.64805E+04  2.38491E+04
 OMEGA(4,4)   -4.25107E+03  1.46997E+04 -1.99682E+03 -3.58377E+04 -2.82594E+03  0.00000E+00  1.90827E+04 -1.36948E+05  2.34387E+05  0.00000E+00  0.00000E+00 -3.93652E+03  0.00000E+00  0.00000E+00  2.38491E+04  3.69240E+05
TABLE NO.     2: Stochastic Approximation Expectation-Maximization (No Prior): Problem=1 Subproblem=0 Superproblem1=0 Iteration1=0 Superproblem2=0 Iteration2=0
 NAME         THETA1       THETA2       THETA3       THETA4       THETA5       SIGMA(1,1)   OMEGA(1,1)   OMEGA(2,1)   OMEGA(2,2)   OMEGA(3,1)   OMEGA(3,2)   OMEGA(3,3)   OMEGA(4,1)   OMEGA(4,2)   OMEGA(4,3)   OMEGA(4,4)
 THETA1        4.41042E+03  1.40082E+03 -1.70973E+00 -4.00034E+00 -7.74705E+00 -1.82585E+03  3.11019E+02 -2.99935E+03 -2.02151E+03  0.00000E+00  0.00000E+00  5.92218E+00  0.00000E+00  0.00000E+00 -4.42669E+01 -4.57605E+00
 THETA2        1.40082E+03  6.89211E+03  2.39966E+01  1.62643E+01 -9.95003E-01  1.52454E+04 -1.48945E+03 -4.14200E+03  3.63249E+03  0.00000E+00  0.00000E+00  5.26548E+01  0.00000E+00  0.00000E+00 -4.97507E+01  3.24671E+01
 THETA3       -1.70973E+00  2.39966E+01  2.11264E+03  3.68134E+02  1.05866E+00 -5.15464E+03 -7.06559E+01 -1.21363E+02 -4.57285E+01  0.00000E+00  0.00000E+00  1.61675E+02  0.00000E+00  0.00000E+00 -1.81370E+02  1.31896E+02
 THETA4       -4.00034E+00  1.62643E+01  3.68134E+02  1.68841E+03  2.70760E+01 -4.05116E+03 -3.42962E+01 -6.17168E+01 -8.55499E+01  0.00000E+00  0.00000E+00 -2.66614E+01  0.00000E+00  0.00000E+00  2.93022E+02  1.42871E+02
 THETA5       -7.74705E+00 -9.95003E-01  1.05866E+00  2.70760E+01  1.34995E+03  5.07543E+03 -2.46771E+01 -1.26701E+02 -7.93536E+01  0.00000E+00  0.00000E+00 -9.45923E+01  0.00000E+00  0.00000E+00  2.84564E+01  4.05269E+01
 SIGMA(1,1)   -1.82585E+03  1.52454E+04 -5.15464E+03 -4.05116E+03  5.07543E+03  8.76473E+06 -4.08403E+04  6.85261E+03  4.39860E+04  0.00000E+00  0.00000E+00  1.33412E+04  0.00000E+00  0.00000E+00  4.51778E+04  2.80785E+04
 OMEGA(1,1)    3.11019E+02 -1.48945E+03 -7.06559E+01 -3.42962E+01 -2.46771E+01 -4.08403E+04  4.86049E+04  5.44327E+04  1.70546E+04  0.00000E+00  0.00000E+00  4.11304E+01  0.00000E+00  0.00000E+00 -9.86343E+01  4.89495E+01
 OMEGA(2,1)   -2.99935E+03 -4.14200E+03 -1.21363E+02 -6.17168E+01 -1.26701E+02  6.85261E+03  5.44327E+04  2.10722E+05  7.12376E+04  0.00000E+00  0.00000E+00 -2.06192E+02  0.00000E+00  0.00000E+00  3.04373E+01  3.41061E+02
 OMEGA(2,2)   -2.02151E+03  3.63249E+03 -4.57285E+01 -8.55499E+01 -7.93536E+01  4.39860E+04  1.70546E+04  7.12376E+04  1.78278E+05  0.00000E+00  0.00000E+00 -2.06393E+02  0.00000E+00  0.00000E+00  1.51983E+01 -1.87483E+02
 OMEGA(3,1)    0.00000E+00  0.00000E+00  0.00000E+00  0.00000E+00  0.00000E+00  0.00000E+00  0.00000E+00  0.00000E+00  0.00000E+00  0.00000E+00  0.00000E+00  0.00000E+00  0.00000E+00  0.00000E+00  0.00000E+00  0.00000E+00
 OMEGA(3,2)    0.00000E+00  0.00000E+00  0.00000E+00  0.00000E+00  0.00000E+00  0.00000E+00  0.00000E+00  0.00000E+00  0.00000E+00  0.00000E+00  0.00000E+00  0.00000E+00  0.00000E+00  0.00000E+00  0.00000E+00  0.00000E+00
 OMEGA(3,3)    5.92218E+00  5.26548E+01  1.61675E+02 -2.66614E+01 -9.45923E+01  1.33412E+04  4.11304E+01 -2.06192E+02 -2.06393E+02  0.00000E+00  0.00000E+00  2.27331E+04  0.00000E+00  0.00000E+00  1.05124E+04  1.70694E+03
 OMEGA(4,1)    0.00000E+00  0.00000E+00  0.00000E+00  0.00000E+00  0.00000E+00  0.00000E+00  0.00000E+00  0.00000E+00  0.00000E+00  0.00000E+00  0.00000E+00  0.00000E+00  0.00000E+00  0.00000E+00  0.00000E+00  0.00000E+00
 OMEGA(4,2)    0.00000E+00  0.00000E+00  0.00000E+00  0.00000E+00  0.00000E+00  0.00000E+00  0.00000E+00  0.00000E+00  0.00000E+00  0.00000E+00  0.00000E+00  0.00000E+00  0.00000E+00  0.00000E+00  0.00000E+00  0.00000E+00
 OMEGA(4,3)   -4.42669E+01 -4.97507E+01 -1.81370E+02  2.93022E+02  2.84564E+01  4.51778E+04 -9.86343E+01  3.04373E+01  1.51983E+01  0.00000E+00  0.00000E+00  1.05124E+04  0.00000E+00  0.00000E+00  4.12990E+04  9.75693E+03
 OMEGA(4,4)   -4.57605E+00  3.24671E+01  1.31896E+02  1.42871E+02  4.05269E+01  2.80785E+04  4.89495E+01  3.41061E+02 -1.87483E+02  0.00000E+00  0.00000E+00  1.70694E+03  0.00000E+00  0.00000E+00  9.75693E+03  1.46073E+04
TABLE NO.     3: Objective Function Evaluation by Importance Sampling (No Prior): Problem=1 Subproblem=0 Superproblem1=0 Iteration1=0 Superproblem2=0 Iteration2=0
 NAME         THETA1       THETA2       THETA3       THETA4       THETA5       SIGMA(1,1)   OMEGA(1,1)   OMEGA(2,1)   OMEGA(2,2)   OMEGA(3,1)   OMEGA(3,2)   OMEGA(3,3)   OMEGA(4,1)   OMEGA(4,2)   OMEGA(4,3)   OMEGA(4,4)
 THETA1        4.41048E+03  1.41789E+03  7.10814E-02  6.84758E-01 -1.56616E+01 -3.60189E+03 -6.30998E+01 -1.06030E+02 -4.76406E+00  0.00000E+00  0.00000E+00 -1.37464E+01  0.00000E+00  0.00000E+00 -4.71639E+00  8.47432E-01
 THETA2        1.41789E+03  6.93964E+03 -2.88425E+00 -5.02204E+00  9.33178E+00  1.16761E+03 -5.36242E+01 -1.89327E+02  9.85003E+02  0.00000E+00  0.00000E+00  1.09019E+01  0.00000E+00  0.00000E+00 -5.75668E+00  4.22074E+00
 THETA3        7.10814E-02 -2.88425E+00  2.08276E+03  3.85988E+02  2.26973E+00 -1.54555E+03 -1.35986E+01  5.40301E+00 -4.99896E+01  0.00000E+00  0.00000E+00  1.34560E+02  0.00000E+00  0.00000E+00 -3.83291E+01 -1.89741E+01
 THETA4        6.84758E-01 -5.02204E+00  3.85988E+02  1.71384E+03  2.01346E+01 -3.48398E+02 -2.83051E+00  1.84484E+01 -1.33455E+01  0.00000E+00  0.00000E+00  3.66142E+01  0.00000E+00  0.00000E+00 -5.56929E+00 -1.24929E+02
 THETA5       -1.56616E+01  9.33178E+00  2.26973E+00  2.01346E+01  1.34996E+03  4.65795E+03 -6.24598E+01 -9.20188E+01 -7.21133E+01  0.00000E+00  0.00000E+00 -7.02412E+01  0.00000E+00  0.00000E+00  3.72355E+00  3.24043E+01
 SIGMA(1,1)   -3.60189E+03  1.16761E+03 -1.54555E+03 -3.48398E+02  4.65795E+03  8.56523E+06  4.09345E+03 -4.50431E+03  2.37884E+04  0.00000E+00  0.00000E+00  1.45836E+03  0.00000E+00  0.00000E+00 -5.14551E+02 -1.73071E+03
 OMEGA(1,1)   -6.30998E+01 -5.36242E+01 -1.35986E+01 -2.83051E+00 -6.24598E+01  4.09345E+03  4.94310E+04  3.09777E+04  4.83897E+03  0.00000E+00  0.00000E+00  3.06521E+00  0.00000E+00  0.00000E+00  5.55041E+01  1.48913E+01
 OMEGA(2,1)   -1.06030E+02 -1.89327E+02  5.40301E+00  1.84484E+01 -9.20188E+01 -4.50431E+03  3.09777E+04  1.61310E+05  4.72323E+04  0.00000E+00  0.00000E+00  7.03315E+00  0.00000E+00  0.00000E+00  7.07807E+01 -2.52317E+01
 OMEGA(2,2)   -4.76406E+00  9.85003E+02 -4.99896E+01 -1.33455E+01 -7.21133E+01  2.37884E+04  4.83897E+03  4.72323E+04  1.17037E+05  0.00000E+00  0.00000E+00  5.59102E+01  0.00000E+00  0.00000E+00  1.51732E+02 -3.30126E+01
 OMEGA(3,1)    0.00000E+00  0.00000E+00  0.00000E+00  0.00000E+00  0.00000E+00  0.00000E+00  0.00000E+00  0.00000E+00  0.00000E+00  0.00000E+00  0.00000E+00  0.00000E+00  0.00000E+00  0.00000E+00  0.00000E+00  0.00000E+00
 OMEGA(3,2)    0.00000E+00  0.00000E+00  0.00000E+00  0.00000E+00  0.00000E+00  0.00000E+00  0.00000E+00  0.00000E+00  0.00000E+00  0.00000E+00  0.00000E+00  0.00000E+00  0.00000E+00  0.00000E+00  0.00000E+00  0.00000E+00
 OMEGA(3,3)   -1.37464E+01  1.09019E+01  1.34560E+02  3.66142E+01 -7.02412E+01  1.45836E+03  3.06521E+00  7.03315E+00  5.59102E+01  0.00000E+00  0.00000E+00  2.28070E+04  0.00000E+00  0.00000E+00  7.81294E+03  6.48569E+02
 OMEGA(4,1)    0.00000E+00  0.00000E+00  0.00000E+00  0.00000E+00  0.00000E+00  0.00000E+00  0.00000E+00  0.00000E+00  0.00000E+00  0.00000E+00  0.00000E+00  0.00000E+00  0.00000E+00  0.00000E+00  0.00000E+00  0.00000E+00
 OMEGA(4,2)    0.00000E+00  0.00000E+00  0.00000E+00  0.00000E+00  0.00000E+00  0.00000E+00  0.00000E+00  0.00000E+00  0.00000E+00  0.00000E+00  0.00000E+00  0.00000E+00  0.00000E+00  0.00000E+00  0.00000E+00  0.00000E+00
 OMEGA(4,3)   -4.71639E+00 -5.75668E+00 -3.83291E+01 -5.56929E+00  3.72355E+00 -5.14551E+02  5.55041E+01  7.07807E+01  1.51732E+02  0.00000E+00  0.00000E+00  7.81294E+03  0.00000E+00  0.00000E+00  3.73317E+04  6.03725E+03
 OMEGA(4,4)    8.47432E-01  4.22074E+00 -1.89741E+01 -1.24929E+02  3.24043E+01 -1.73071E+03  1.48913E+01 -2.52317E+01 -3.30126E+01  0.00000E+00  0.00000E+00  6.48569E+02  0.00000E+00  0.00000E+00  6.03725E+03  1.44931E+04
