TABLE NO.     1: Iterative Two Stage (No Prior): Problem=1 Subproblem=0 Superproblem1=0 Iteration1=0 Superproblem2=0 Iteration2=0
 NAME         THETA1       THETA2       THETA3       THETA4       THETA5       SIGMA(1,1)   OMEGA(1,1)   OMEGA(2,1)   OMEGA(2,2)   OMEGA(3,1)   OMEGA(3,2)   OMEGA(3,3)   OMEGA(4,1)   OMEGA(4,2)   OMEGA(4,3)   OMEGA(4,4)
 THETA1        2.47541E-04 -5.25830E-05  1.70791E-07  1.44294E-07 -2.70707E-07  7.80075E-08 -8.30513E-06  3.47846E-06  3.16570E-06  0.00000E+00  0.00000E+00 -1.32937E-08  0.00000E+00  0.00000E+00 -5.18900E-08 -1.08857E-07
 THETA2       -5.25830E-05  1.57551E-04 -4.40197E-07 -3.55345E-07  7.07081E-07 -2.01555E-07  3.03789E-06  3.40806E-06 -5.20580E-06  0.00000E+00  0.00000E+00  3.56633E-08  0.00000E+00  0.00000E+00  1.35074E-07  2.64276E-07
 THETA3        1.70791E-07 -4.40197E-07  5.17466E-04 -1.13480E-04 -8.96266E-07  2.58892E-07  3.16171E-07 -9.08731E-08 -4.79153E-08  0.00000E+00  0.00000E+00 -5.68172E-06  0.00000E+00  0.00000E+00  4.23529E-06 -5.92159E-06
 THETA4        1.44294E-07 -3.55345E-07 -1.13480E-04  6.07027E-04 -7.26839E-07  2.17413E-07  2.63120E-07 -7.63935E-08 -3.49308E-08  0.00000E+00  0.00000E+00  4.20242E-06  0.00000E+00  0.00000E+00 -4.38524E-06 -7.07476E-06
 THETA5       -2.70707E-07  7.07081E-07 -8.96266E-07 -7.26839E-07  7.42179E-04 -4.09617E-07 -5.01397E-07  1.43260E-07  7.98143E-08  0.00000E+00  0.00000E+00  7.20922E-08  0.00000E+00  0.00000E+00  2.73693E-07  5.41668E-07
 SIGMA(1,1)    7.80075E-08 -2.01555E-07  2.58892E-07  2.17413E-07 -4.09617E-07  1.17933E-07  1.44051E-07 -4.12801E-08 -2.22243E-08  0.00000E+00  0.00000E+00 -2.05115E-08  0.00000E+00  0.00000E+00 -7.92988E-08 -1.63525E-07
 OMEGA(1,1)   -8.30513E-06  3.03789E-06  3.16171E-07  2.63120E-07 -5.01397E-07  1.44051E-07  2.93087E-05 -7.68924E-06  1.01570E-07  0.00000E+00  0.00000E+00 -2.53071E-08  0.00000E+00  0.00000E+00 -9.70964E-08 -1.97339E-07
 OMEGA(2,1)    3.47846E-06  3.40806E-06 -9.08731E-08 -7.63935E-08  1.43260E-07 -4.12801E-08 -7.68924E-06  7.45522E-06 -2.27879E-06  0.00000E+00  0.00000E+00  7.27688E-09  0.00000E+00  0.00000E+00  2.79976E-08  5.74161E-08
 OMEGA(2,2)    3.16570E-06 -5.20580E-06 -4.79153E-08 -3.49308E-08  7.98143E-08 -2.22243E-08  1.01570E-07 -2.27879E-06  6.30007E-06  0.00000E+00  0.00000E+00  4.08273E-09  0.00000E+00  0.00000E+00  1.47384E-08  2.51894E-08
 OMEGA(3,1)    0.00000E+00  0.00000E+00  0.00000E+00  0.00000E+00  0.00000E+00  0.00000E+00  0.00000E+00  0.00000E+00  0.00000E+00  0.00000E+00  0.00000E+00  0.00000E+00  0.00000E+00  0.00000E+00  0.00000E+00  0.00000E+00
 OMEGA(3,2)    0.00000E+00  0.00000E+00  0.00000E+00  0.00000E+00  0.00000E+00  0.00000E+00  0.00000E+00  0.00000E+00  0.00000E+00  0.00000E+00  0.00000E+00  0.00000E+00  0.00000E+00  0.00000E+00  0.00000E+00  0.00000E+00
 OMEGA(3,3)   -1.32937E-08  3.56633E-08 -5.68172E-06  4.20242E-06  7.20922E-08 -2.05115E-08 -2.53071E-08  7.27688E-09  4.08273E-09  0.00000E+00  0.00000E+00  5.47506E-05  0.00000E+00  0.00000E+00 -1.48251E-05  3.59184E-06
 OMEGA(4,1)    0.00000E+00  0.00000E+00  0.00000E+00  0.00000E+00  0.00000E+00  0.00000E+00  0.00000E+00  0.00000E+00  0.00000E+00  0.00000E+00  0.00000E+00  0.00000E+00  0.00000E+00  0.00000E+00  0.00000E+00  0.00000E+00
 OMEGA(4,2)    0.00000E+00  0.00000E+00  0.00000E+00  0.00000E+00  0.00000E+00  0.00000E+00  0.00000E+00  0.00000E+00  0.00000E+00  0.00000E+00  0.00000E+00  0.00000E+00  0.00000E+00  0.00000E+00  0.00000E+00  0.00000E+00
 OMEGA(4,3)   -5.18900E-08  1.35074E-07  4.23529E-06 -4.38524E-06  2.73693E-07 -7.92988E-08 -9.70964E-08  2.79976E-08  1.47384E-08  0.00000E+00  0.00000E+00 -1.48251E-05  0.00000E+00  0.00000E+00  3.35830E-05 -2.05729E-05
 OMEGA(4,4)   -1.08857E-07  2.64276E-07 -5.92159E-06 -7.07476E-06  5.41668E-07 -1.63525E-07 -1.97339E-07  5.74161E-08  2.51894E-08  0.00000E+00  0.00000E+00  3.59184E-06  0.00000E+00  0.00000E+00 -2.05729E-05  7.90709E-05
TABLE NO.     2: MCMC Bayesian Analysis: Problem=1 Subproblem=0 Superproblem1=0 Iteration1=0 Superproblem2=0 Iteration2=0
 NAME         THETA1       THETA2       THETA3       THETA4       THETA5       SIGMA(1,1)   OMEGA(1,1)   OMEGA(2,1)   OMEGA(2,2)   OMEGA(3,1)   OMEGA(3,2)   OMEGA(3,3)   OMEGA(4,1)   OMEGA(4,2)   OMEGA(4,3)   OMEGA(4,4)
 THETA1        2.41022E-04 -5.09411E-05 -6.95812E-06 -2.05668E-06 -2.31960E-06 -5.38697E-08  1.17233E-06  1.83847E-07  1.02147E-06  0.00000E+00  0.00000E+00  4.63888E-07  0.00000E+00  0.00000E+00 -3.22265E-07  5.15903E-06
 THETA2       -5.09411E-05  1.57141E-04 -3.90475E-06  2.37032E-06  2.17389E-06 -1.85564E-08 -9.52089E-07  7.10907E-07 -1.61850E-06  0.00000E+00  0.00000E+00  4.74632E-07  0.00000E+00  0.00000E+00 -6.30079E-07 -3.73923E-06
 THETA3       -6.95812E-06 -3.90475E-06  5.36466E-04 -1.24981E-04 -2.18870E-06  4.16532E-08  1.12333E-06 -4.98909E-08  2.29983E-07  0.00000E+00  0.00000E+00 -4.42076E-07  0.00000E+00  0.00000E+00  9.47596E-07 -3.43206E-06
 THETA4       -2.05668E-06  2.37032E-06 -1.24981E-04  6.29532E-04 -1.12364E-06 -8.47851E-08 -1.88509E-06  3.05757E-07  5.29441E-07  0.00000E+00  0.00000E+00  8.65814E-07  0.00000E+00  0.00000E+00 -6.71981E-06 -2.65906E-06
 THETA5       -2.31960E-06  2.17389E-06 -2.18870E-06 -1.12364E-06  7.23254E-04 -5.47913E-08 -1.48865E-06  6.78979E-07 -5.60870E-07  0.00000E+00  0.00000E+00  3.44802E-06  0.00000E+00  0.00000E+00 -1.25370E-08  1.99020E-06
 SIGMA(1,1)   -5.38697E-08 -1.85564E-08  4.16532E-08 -8.47851E-08 -5.47913E-08  1.17152E-07 -1.78859E-08  1.28313E-08 -2.67992E-08  0.00000E+00  0.00000E+00 -4.24219E-08  0.00000E+00  0.00000E+00  5.74341E-08 -1.84575E-08
 OMEGA(1,1)    1.17233E-06 -9.52089E-07  1.12333E-06 -1.88509E-06 -1.48865E-06 -1.78859E-08  2.52686E-05 -5.45970E-06  1.56915E-06  0.00000E+00  0.00000E+00  4.83564E-08  0.00000E+00  0.00000E+00 -3.54412E-07 -2.41804E-07
 OMEGA(2,1)    1.83847E-07  7.10907E-07 -4.98909E-08  3.05757E-07  6.78979E-07  1.28313E-08 -5.45970E-06  8.34081E-06 -3.36037E-06  0.00000E+00  0.00000E+00 -4.29985E-07  0.00000E+00  0.00000E+00  4.99235E-07  2.49205E-07
 OMEGA(2,2)    1.02147E-06 -1.61850E-06  2.29983E-07  5.29441E-07 -5.60870E-07 -2.67992E-08  1.56915E-06 -3.36037E-06  1.02537E-05  0.00000E+00  0.00000E+00  3.51566E-07  0.00000E+00  0.00000E+00 -6.52403E-08 -1.46295E-07
 OMEGA(3,1)    0.00000E+00  0.00000E+00  0.00000E+00  0.00000E+00  0.00000E+00  0.00000E+00  0.00000E+00  0.00000E+00  0.00000E+00  0.00000E+00  0.00000E+00  0.00000E+00  0.00000E+00  0.00000E+00  0.00000E+00  0.00000E+00
 OMEGA(3,2)    0.00000E+00  0.00000E+00  0.00000E+00  0.00000E+00  0.00000E+00  0.00000E+00  0.00000E+00  0.00000E+00  0.00000E+00  0.00000E+00  0.00000E+00  0.00000E+00  0.00000E+00  0.00000E+00  0.00000E+00  0.00000E+00
 OMEGA(3,3)    4.63888E-07  4.74632E-07 -4.42076E-07  8.65814E-07  3.44802E-06 -4.24219E-08  4.83564E-08 -4.29985E-07  3.51566E-07  0.00000E+00  0.00000E+00  5.76647E-05  0.00000E+00  0.00000E+00 -1.26449E-05  1.28577E-06
 OMEGA(4,1)    0.00000E+00  0.00000E+00  0.00000E+00  0.00000E+00  0.00000E+00  0.00000E+00  0.00000E+00  0.00000E+00  0.00000E+00  0.00000E+00  0.00000E+00  0.00000E+00  0.00000E+00  0.00000E+00  0.00000E+00  0.00000E+00
 OMEGA(4,2)    0.00000E+00  0.00000E+00  0.00000E+00  0.00000E+00  0.00000E+00  0.00000E+00  0.00000E+00  0.00000E+00  0.00000E+00  0.00000E+00  0.00000E+00  0.00000E+00  0.00000E+00  0.00000E+00  0.00000E+00  0.00000E+00
 OMEGA(4,3)   -3.22265E-07 -6.30079E-07  9.47596E-07 -6.71981E-06 -1.25370E-08  5.74341E-08 -3.54412E-07  4.99235E-07 -6.52403E-08  0.00000E+00  0.00000E+00 -1.26449E-05  0.00000E+00  0.00000E+00  3.42352E-05 -1.25814E-05
 OMEGA(4,4)    5.15903E-06 -3.73923E-06 -3.43206E-06 -2.65906E-06  1.99020E-06 -1.84575E-08 -2.41804E-07  2.49205E-07 -1.46295E-07  0.00000E+00  0.00000E+00  1.28577E-06  0.00000E+00  0.00000E+00 -1.25814E-05  7.98480E-05
