TABLE NO.     1: First Order Conditional Estimation with Interaction: Problem=1 Subproblem=0 Superproblem1=0 Iteration1=0 Superproblem2=0 Iteration2=0
 NAME         THETA1       THETA2       THETA3       THETA4       THETA5       SIGMA(1,1)   OMEGA(1,1)   OMEGA(2,1)   OMEGA(2,2)   OMEGA(3,1)   OMEGA(3,2)   OMEGA(3,3)   OMEGA(4,1)   OMEGA(4,2)   OMEGA(4,3)   OMEGA(4,4)
 THETA1        4.46288E+03  1.47771E+03 -3.60537E-03 -2.01962E-02 -4.73868E-03 -4.57333E+03 -5.03369E+00 -8.87608E+00  3.25882E+01  0.00000E+00  0.00000E+00 -1.79772E-02  0.00000E+00  0.00000E+00  5.98835E-02  1.84552E-01
 THETA2        1.47771E+03  7.10679E+03 -7.55182E-02 -2.20587E-01 -5.05347E-02 -2.26519E+03  7.77011E+00  3.82624E+01  9.52423E+02  0.00000E+00  0.00000E+00  1.65102E-01  0.00000E+00  0.00000E+00  1.44666E+00  2.07181E+00
 THETA3       -3.60537E-03 -7.55182E-02  2.03521E+03  3.83361E+02 -1.90783E-02 -1.96770E+03  2.28318E-02 -4.50268E-02 -5.95849E-01  0.00000E+00  0.00000E+00 -2.88091E+00  0.00000E+00  0.00000E+00  5.80414E+00 -6.34243E+00
 THETA4       -2.01962E-02 -2.20587E-01  3.83361E+02  1.73605E+03 -5.53512E-02 -3.90958E+02  8.01017E-02 -2.87723E-01 -1.75682E+00  0.00000E+00  0.00000E+00 -7.01006E-02  0.00000E+00  0.00000E+00 -2.74699E+00  1.52763E+01
 THETA5       -4.73868E-03 -5.05347E-02 -1.90783E-02 -5.53512E-02  1.35001E+03  4.33681E-18  1.86035E-02 -6.80731E-02 -4.03457E-01  0.00000E+00  0.00000E+00  4.33424E-02  0.00000E+00  0.00000E+00  3.66444E-01  5.21227E-01
 SIGMA(1,1)   -4.57333E+03 -2.26519E+03 -1.96770E+03 -3.90958E+02  4.33681E-18  8.50823E+06  5.70087E+03 -3.63148E+03  2.57711E+04  0.00000E+00  0.00000E+00  3.81477E+03  0.00000E+00  0.00000E+00  4.48372E+02  2.95797E+02
 OMEGA(1,1)   -5.03369E+00  7.77011E+00  2.28318E-02  8.01017E-02  1.86035E-02  5.70087E+03  4.97985E+04  3.29738E+04  5.44134E+03  0.00000E+00  0.00000E+00  1.22764E-03  0.00000E+00  0.00000E+00 -4.23043E-01 -7.40189E-01
 OMEGA(2,1)   -8.87608E+00  3.82624E+01 -4.50268E-02 -2.87723E-01 -6.80731E-02 -3.63148E+03  3.29738E+04  1.68894E+05  5.19806E+04  0.00000E+00  0.00000E+00 -3.32842E-01  0.00000E+00  0.00000E+00  7.06509E-01  2.60247E+00
 OMEGA(2,2)    3.25882E+01  9.52423E+02 -5.95849E-01 -1.75682E+00 -4.03457E-01  2.57711E+04  5.44134E+03  5.19806E+04  1.26307E+05  0.00000E+00  0.00000E+00  1.24078E+00  0.00000E+00  0.00000E+00  1.13793E+01  1.64549E+01
 OMEGA(3,1)    0.00000E+00  0.00000E+00  0.00000E+00  0.00000E+00  0.00000E+00  0.00000E+00  0.00000E+00  0.00000E+00  0.00000E+00  0.00000E+00  0.00000E+00  0.00000E+00  0.00000E+00  0.00000E+00  0.00000E+00  0.00000E+00
 OMEGA(3,2)    0.00000E+00  0.00000E+00  0.00000E+00  0.00000E+00  0.00000E+00  0.00000E+00  0.00000E+00  0.00000E+00  0.00000E+00  0.00000E+00  0.00000E+00  0.00000E+00  0.00000E+00  0.00000E+00  0.00000E+00  0.00000E+00
 OMEGA(3,3)   -1.79772E-02  1.65102E-01 -2.88091E+00 -7.01006E-02  4.33424E-02  3.81477E+03  1.22764E-03 -3.32842E-01  1.24078E+00  0.00000E+00  0.00000E+00  2.07114E+04  0.00000E+00  0.00000E+00  7.80550E+03  7.30328E+02
 OMEGA(4,1)    0.00000E+00  0.00000E+00  0.00000E+00  0.00000E+00  0.00000E+00  0.00000E+00  0.00000E+00  0.00000E+00  0.00000E+00  0.00000E+00  0.00000E+00  0.00000E+00  0.00000E+00  0.00000E+00  0.00000E+00  0.00000E+00
 OMEGA(4,2)    0.00000E+00  0.00000E+00  0.00000E+00  0.00000E+00  0.00000E+00  0.00000E+00  0.00000E+00  0.00000E+00  0.00000E+00  0.00000E+00  0.00000E+00  0.00000E+00  0.00000E+00  0.00000E+00  0.00000E+00  0.00000E+00
 OMEGA(4,3)    5.98835E-02  1.44666E+00  5.80414E+00 -2.74699E+00  3.66444E-01  4.48372E+02 -4.23043E-01  7.06509E-01  1.13793E+01  0.00000E+00  0.00000E+00  7.80550E+03  0.00000E+00  0.00000E+00  3.67771E+04  6.64909E+03
 OMEGA(4,4)    1.84552E-01  2.07181E+00 -6.34243E+00  1.52763E+01  5.21227E-01  2.95797E+02 -7.40189E-01  2.60247E+00  1.64549E+01  0.00000E+00  0.00000E+00  7.30328E+02  0.00000E+00  0.00000E+00  6.64909E+03  1.50411E+04
