TABLE NO.     1: Iterative Two Stage: Problem=1 Subproblem=0 Superproblem1=0 Iteration1=0 Superproblem2=0 Iteration2=0
 NAME         THETA1       THETA2       THETA3       THETA4       THETA5       SIGMA(1,1)   OMEGA(1,1)   OMEGA(2,1)   OMEGA(2,2)   OMEGA(3,1)   OMEGA(3,2)   OMEGA(3,3)   OMEGA(4,1)   OMEGA(4,2)   OMEGA(4,3)   OMEGA(4,4)
 THETA1        2.32561E-03  4.61461E-04  1.19774E-05 -5.00712E-06 -1.02434E-04 -1.19451E-04 -4.70497E-05 -1.19859E-04 -5.02303E-05  0.00000E+00  0.00000E+00 -2.53827E-06  0.00000E+00  0.00000E+00 -6.24116E-06 -2.56312E-06
 THETA2        4.61461E-04  4.15051E-04  6.16616E-05  3.56232E-05 -5.18263E-04 -3.04896E-05 -1.44453E-05 -2.77690E-05 -3.62618E-05  0.00000E+00  0.00000E+00  5.93440E-07  0.00000E+00  0.00000E+00  3.59992E-06  1.85331E-06
 THETA3        1.19774E-05  6.16616E-05  6.22458E-04  3.20385E-04 -2.97447E-04 -3.11537E-05  1.26476E-07 -5.36861E-07 -3.24143E-06  0.00000E+00  0.00000E+00  4.99330E-05  0.00000E+00  0.00000E+00  3.29028E-05  3.01279E-05
 THETA4       -5.00712E-06  3.56232E-05  3.20385E-04  6.58264E-04 -2.04393E-04 -2.00931E-05  2.15535E-07  5.64384E-07 -1.35407E-06  0.00000E+00  0.00000E+00  2.04779E-05  0.00000E+00  0.00000E+00  3.59803E-05  6.15344E-05
 THETA5       -1.02434E-04 -5.18263E-04 -2.97447E-04 -2.04393E-04  2.67269E-03  8.93139E-05 -2.17323E-06  3.45765E-06  2.48195E-05  0.00000E+00  0.00000E+00 -1.96618E-05  0.00000E+00  0.00000E+00 -4.77360E-05  6.97503E-06
 SIGMA(1,1)   -1.19451E-04 -3.04896E-05 -3.11537E-05 -2.00931E-05  8.93139E-05  6.30588E+09  2.02315E-06  5.93317E-06  2.45032E-06  0.00000E+00  0.00000E+00  1.49346E-06  0.00000E+00  0.00000E+00 -1.46692E-06 -9.45302E-07
 OMEGA(1,1)   -4.70497E-05 -1.44453E-05  1.26476E-07  2.15535E-07 -2.17323E-06  2.02315E-06  1.99454E-05  7.48438E-06  2.84703E-06  0.00000E+00  0.00000E+00 -1.49929E-08  0.00000E+00  0.00000E+00  1.05658E-07 -3.07718E-08
 OMEGA(2,1)   -1.19859E-04 -2.77690E-05 -5.36861E-07  5.64384E-07  3.45765E-06  5.93317E-06  7.48438E-06  8.08883E-06  3.66902E-06  0.00000E+00  0.00000E+00  2.29564E-07  0.00000E+00  0.00000E+00  5.41120E-07  5.56409E-08
 OMEGA(2,2)   -5.02303E-05 -3.62618E-05 -3.24143E-06 -1.35407E-06  2.48195E-05  2.45032E-06  2.84703E-06  3.66902E-06  3.79228E-06  0.00000E+00  0.00000E+00  2.14068E-07  0.00000E+00  0.00000E+00  2.71482E-07 -3.02553E-07
 OMEGA(3,1)    0.00000E+00  0.00000E+00  0.00000E+00  0.00000E+00  0.00000E+00  0.00000E+00  0.00000E+00  0.00000E+00  0.00000E+00  0.00000E+00  0.00000E+00  0.00000E+00  0.00000E+00  0.00000E+00  0.00000E+00  0.00000E+00
 OMEGA(3,2)    0.00000E+00  0.00000E+00  0.00000E+00  0.00000E+00  0.00000E+00  0.00000E+00  0.00000E+00  0.00000E+00  0.00000E+00  0.00000E+00  0.00000E+00  0.00000E+00  0.00000E+00  0.00000E+00  0.00000E+00  0.00000E+00
 OMEGA(3,3)   -2.53827E-06  5.93440E-07  4.99330E-05  2.04779E-05 -1.96618E-05  1.49346E-06 -1.49929E-08  2.29564E-07  2.14068E-07  0.00000E+00  0.00000E+00  5.07325E-05  0.00000E+00  0.00000E+00  1.23593E-05  1.74686E-06
 OMEGA(4,1)    0.00000E+00  0.00000E+00  0.00000E+00  0.00000E+00  0.00000E+00  0.00000E+00  0.00000E+00  0.00000E+00  0.00000E+00  0.00000E+00  0.00000E+00  0.00000E+00  0.00000E+00  0.00000E+00  0.00000E+00  0.00000E+00
 OMEGA(4,2)    0.00000E+00  0.00000E+00  0.00000E+00  0.00000E+00  0.00000E+00  0.00000E+00  0.00000E+00  0.00000E+00  0.00000E+00  0.00000E+00  0.00000E+00  0.00000E+00  0.00000E+00  0.00000E+00  0.00000E+00  0.00000E+00
 OMEGA(4,3)   -6.24116E-06  3.59992E-06  3.29028E-05  3.59803E-05 -4.77360E-05 -1.46692E-06  1.05658E-07  5.41120E-07  2.71482E-07  0.00000E+00  0.00000E+00  1.23593E-05  0.00000E+00  0.00000E+00  1.56319E-05  2.23461E-06
 OMEGA(4,4)   -2.56312E-06  1.85331E-06  3.01279E-05  6.15344E-05  6.97503E-06 -9.45302E-07 -3.07718E-08  5.56409E-08 -3.02553E-07  0.00000E+00  0.00000E+00  1.74686E-06  0.00000E+00  0.00000E+00  2.23461E-06  8.88226E-06
TABLE NO.     2: Stochastic Approximation Expectation-Maximization (No Prior): Problem=1 Subproblem=0 Superproblem1=0 Iteration1=0 Superproblem2=0 Iteration2=0
 NAME         THETA1       THETA2       THETA3       THETA4       THETA5       SIGMA(1,1)   OMEGA(1,1)   OMEGA(2,1)   OMEGA(2,2)   OMEGA(3,1)   OMEGA(3,2)   OMEGA(3,3)   OMEGA(4,1)   OMEGA(4,2)   OMEGA(4,3)   OMEGA(4,4)
 THETA1        2.47708E-04 -5.18817E-05  7.90972E-07  1.21261E-06  1.41463E-06  8.47107E-08 -8.18479E-06  3.53130E-06  3.21830E-06  0.00000E+00  0.00000E+00  4.97600E-08  0.00000E+00  0.00000E+00  8.44950E-08 -6.88149E-08
 THETA2       -5.18817E-05  1.61927E-04 -1.84180E-06 -2.08855E-06  8.57272E-07 -2.57101E-07  3.06395E-06  3.52962E-06 -5.52980E-06  0.00000E+00  0.00000E+00 -4.91826E-07  0.00000E+00  0.00000E+00  6.50429E-07 -3.87912E-07
 THETA3        7.90972E-07 -1.84180E-06  4.94154E-04 -1.07627E-04  5.24142E-07  2.49458E-07  7.89987E-07  3.61796E-08 -4.46109E-08  0.00000E+00  0.00000E+00 -5.95667E-06  0.00000E+00  0.00000E+00  5.85590E-06 -7.10534E-06
 THETA4        1.21261E-06 -2.08855E-06 -1.07627E-04  6.17852E-04 -1.28135E-05  2.64546E-07  4.50771E-07 -1.17317E-07  2.60797E-07  0.00000E+00  0.00000E+00  4.06382E-06  0.00000E+00  0.00000E+00 -5.64213E-06 -2.24087E-06
 THETA5        1.41463E-06  8.57272E-07  5.24142E-07 -1.28135E-05  7.43056E-04 -4.41322E-07 -7.60771E-07  6.06928E-07  2.65604E-07  0.00000E+00  0.00000E+00  3.70727E-06  0.00000E+00  0.00000E+00 -6.13520E-07 -1.12573E-06
 SIGMA(1,1)    8.47107E-08 -2.57101E-07  2.49458E-07  2.64546E-07 -4.41322E-07  1.16864E-07  1.37657E-07 -3.56256E-08 -2.17690E-08  0.00000E+00  0.00000E+00 -2.10958E-08  0.00000E+00  0.00000E+00 -8.26687E-08 -1.69882E-07
 OMEGA(1,1)   -8.18479E-06  3.06395E-06  7.89987E-07  4.50771E-07 -7.60771E-07  1.37657E-07  2.94171E-05 -7.68163E-06  6.57900E-08  0.00000E+00  0.00000E+00 -2.11137E-07  0.00000E+00  0.00000E+00  1.97213E-08 -1.90290E-07
 OMEGA(2,1)    3.53130E-06  3.52962E-06  3.61796E-08 -1.17317E-07  6.06928E-07 -3.56256E-08 -7.68163E-06  7.64315E-06 -2.34221E-06  0.00000E+00  0.00000E+00  6.70120E-08  0.00000E+00  0.00000E+00  4.51868E-08 -1.59913E-07
 OMEGA(2,2)    3.21830E-06 -5.52980E-06 -4.46109E-08  2.60797E-07  2.65604E-07 -2.17690E-08  6.57900E-08 -2.34221E-06  6.69391E-06  0.00000E+00  0.00000E+00  7.38394E-08  0.00000E+00  0.00000E+00 -5.28100E-08  2.19288E-07
 OMEGA(3,1)    0.00000E+00  0.00000E+00  0.00000E+00  0.00000E+00  0.00000E+00  0.00000E+00  0.00000E+00  0.00000E+00  0.00000E+00  0.00000E+00  0.00000E+00  0.00000E+00  0.00000E+00  0.00000E+00  0.00000E+00  0.00000E+00
 OMEGA(3,2)    0.00000E+00  0.00000E+00  0.00000E+00  0.00000E+00  0.00000E+00  0.00000E+00  0.00000E+00  0.00000E+00  0.00000E+00  0.00000E+00  0.00000E+00  0.00000E+00  0.00000E+00  0.00000E+00  0.00000E+00  0.00000E+00
 OMEGA(3,3)    4.97600E-08 -4.91826E-07 -5.95667E-06  4.06382E-06  3.70727E-06 -2.10958E-08 -2.11137E-07  6.70120E-08  7.38394E-08  0.00000E+00  0.00000E+00  5.00897E-05  0.00000E+00  0.00000E+00 -1.35521E-05  3.24433E-06
 OMEGA(4,1)    0.00000E+00  0.00000E+00  0.00000E+00  0.00000E+00  0.00000E+00  0.00000E+00  0.00000E+00  0.00000E+00  0.00000E+00  0.00000E+00  0.00000E+00  0.00000E+00  0.00000E+00  0.00000E+00  0.00000E+00  0.00000E+00
 OMEGA(4,2)    0.00000E+00  0.00000E+00  0.00000E+00  0.00000E+00  0.00000E+00  0.00000E+00  0.00000E+00  0.00000E+00  0.00000E+00  0.00000E+00  0.00000E+00  0.00000E+00  0.00000E+00  0.00000E+00  0.00000E+00  0.00000E+00
 OMEGA(4,3)    8.44950E-08  6.50429E-07  5.85590E-06 -5.64213E-06 -6.13520E-07 -8.26687E-08  1.97213E-08  4.51868E-08 -5.28100E-08  0.00000E+00  0.00000E+00 -1.35521E-05  0.00000E+00  0.00000E+00  3.25445E-05 -1.99948E-05
 OMEGA(4,4)   -6.88149E-08 -3.87912E-07 -7.10534E-06 -2.24087E-06 -1.12573E-06 -1.69882E-07 -1.90290E-07 -1.59913E-07  2.19288E-07  0.00000E+00  0.00000E+00  3.24433E-06  0.00000E+00  0.00000E+00 -1.99948E-05  8.18593E-05
TABLE NO.     3: Objective Function Evaluation by Importance Sampling (No Prior): Problem=1 Subproblem=0 Superproblem1=0 Iteration1=0 Superproblem2=0 Iteration2=0
 NAME         THETA1       THETA2       THETA3       THETA4       THETA5       SIGMA(1,1)   OMEGA(1,1)   OMEGA(2,1)   OMEGA(2,2)   OMEGA(3,1)   OMEGA(3,2)   OMEGA(3,3)   OMEGA(4,1)   OMEGA(4,2)   OMEGA(4,3)   OMEGA(4,4)
 THETA1        2.42807E-04 -4.96921E-05  4.77973E-08 -2.64309E-07  2.83754E-06  1.05970E-07  2.51079E-07 -6.67117E-08  4.24779E-07  0.00000E+00  0.00000E+00  1.76266E-07  0.00000E+00  0.00000E+00 -1.52145E-08  3.41205E-09
 THETA2       -4.96921E-05  1.54496E-04  7.66144E-08  4.45926E-07 -1.57688E-06 -3.63803E-08 -1.34972E-07  6.24127E-07 -1.54212E-06  0.00000E+00  0.00000E+00 -1.22008E-07  0.00000E+00  0.00000E+00  5.78516E-08 -5.98883E-08
 THETA3        4.77973E-08  7.66144E-08  5.01344E-04 -1.12874E-04  4.05067E-07  8.54175E-08  1.63113E-07 -9.60084E-08  2.15185E-07  0.00000E+00  0.00000E+00 -3.20033E-06  0.00000E+00  0.00000E+00  1.28069E-06 -6.97457E-07
 THETA4       -2.64309E-07  4.45926E-07 -1.12874E-04  6.09419E-04 -9.08219E-06  1.00790E-08  4.37482E-08 -9.16154E-08  4.78109E-08  0.00000E+00  0.00000E+00 -1.99308E-07  0.00000E+00  0.00000E+00 -8.71498E-07  5.49861E-06
 THETA5        2.83754E-06 -1.57688E-06  4.05067E-07 -9.08219E-06  7.42583E-04 -4.05180E-07  8.58932E-07  1.10174E-07  4.71180E-07  0.00000E+00  0.00000E+00  2.48565E-06  0.00000E+00  0.00000E+00 -3.18777E-07 -1.76421E-06
 SIGMA(1,1)    1.05970E-07 -3.63803E-08  8.54175E-08  1.00790E-08 -4.05180E-07  1.17138E-07 -1.64810E-08  1.47088E-08 -2.89579E-08  0.00000E+00  0.00000E+00 -1.00685E-08  0.00000E+00  0.00000E+00  1.56851E-09  1.48709E-08
 OMEGA(1,1)    2.51079E-07 -1.34972E-07  1.63113E-07  4.37482E-08  8.58932E-07 -1.64810E-08  2.30937E-05 -4.71378E-06  9.52627E-07  0.00000E+00  0.00000E+00  9.02478E-09  0.00000E+00  0.00000E+00 -2.77477E-08 -2.18833E-08
 OMEGA(2,1)   -6.67117E-08  6.24127E-07 -9.60084E-08 -9.16154E-08  1.10174E-07  1.47088E-08 -4.71378E-06  7.99583E-06 -3.04019E-06  0.00000E+00  0.00000E+00  4.52850E-09  0.00000E+00  0.00000E+00  1.58195E-09  1.13939E-08
 OMEGA(2,2)    4.24779E-07 -1.54212E-06  2.15185E-07  4.78109E-08  4.71180E-07 -2.89579E-08  9.52627E-07 -3.04019E-06  9.75118E-06  0.00000E+00  0.00000E+00 -7.68815E-09  0.00000E+00  0.00000E+00 -3.87752E-08  2.90426E-08
 OMEGA(3,1)    0.00000E+00  0.00000E+00  0.00000E+00  0.00000E+00  0.00000E+00  0.00000E+00  0.00000E+00  0.00000E+00  0.00000E+00  0.00000E+00  0.00000E+00  0.00000E+00  0.00000E+00  0.00000E+00  0.00000E+00  0.00000E+00
 OMEGA(3,2)    0.00000E+00  0.00000E+00  0.00000E+00  0.00000E+00  0.00000E+00  0.00000E+00  0.00000E+00  0.00000E+00  0.00000E+00  0.00000E+00  0.00000E+00  0.00000E+00  0.00000E+00  0.00000E+00  0.00000E+00  0.00000E+00
 OMEGA(3,3)    1.76266E-07 -1.22008E-07 -3.20033E-06 -1.99308E-07  2.48565E-06 -1.00685E-08  9.02478E-09  4.52850E-09 -7.68815E-09  0.00000E+00  0.00000E+00  4.73259E-05  0.00000E+00  0.00000E+00 -1.02545E-05  2.14112E-06
 OMEGA(4,1)    0.00000E+00  0.00000E+00  0.00000E+00  0.00000E+00  0.00000E+00  0.00000E+00  0.00000E+00  0.00000E+00  0.00000E+00  0.00000E+00  0.00000E+00  0.00000E+00  0.00000E+00  0.00000E+00  0.00000E+00  0.00000E+00
 OMEGA(4,2)    0.00000E+00  0.00000E+00  0.00000E+00  0.00000E+00  0.00000E+00  0.00000E+00  0.00000E+00  0.00000E+00  0.00000E+00  0.00000E+00  0.00000E+00  0.00000E+00  0.00000E+00  0.00000E+00  0.00000E+00  0.00000E+00
 OMEGA(4,3)   -1.52145E-08  5.78516E-08  1.28069E-06 -8.71498E-07 -3.18777E-07  1.56851E-09 -2.77477E-08  1.58195E-09 -3.87752E-08  0.00000E+00  0.00000E+00 -1.02545E-05  0.00000E+00  0.00000E+00  3.09457E-05 -1.24369E-05
 OMEGA(4,4)    3.41205E-09 -5.98883E-08 -6.97457E-07  5.49861E-06 -1.76421E-06  1.48709E-08 -2.18833E-08  1.13939E-08  2.90426E-08  0.00000E+00  0.00000E+00  2.14112E-06  0.00000E+00  0.00000E+00 -1.24369E-05  7.41357E-05
