TABLE NO.     1: Iterative Two Stage: Problem=1 Subproblem=0 Superproblem1=0 Iteration1=0 Superproblem2=0 Iteration2=0
 NAME         THETA1       THETA2       THETA3       THETA4       THETA5       SIGMA(1,1)   OMEGA(1,1)   OMEGA(2,1)   OMEGA(2,2)   OMEGA(3,1)   OMEGA(3,2)   OMEGA(3,3)
 THETA1        7.09256E+02 -1.26858E+03 -2.00425E+03  1.71461E+02  1.64164E+03  9.09456E+03 -6.05835E+02  2.40603E+03 -1.74372E+03  3.78851E+03 -7.06759E+03 -4.97754E+03
 THETA2       -1.26858E+03  3.44337E+03  5.46712E+03 -5.02256E+02 -5.12167E+03 -2.53616E+04  7.34979E+02 -4.55128E+03  5.02307E+03 -6.93358E+03  2.00454E+04  1.44114E+04
 THETA3       -2.00425E+03  5.46712E+03  9.33058E+03 -8.72583E+02 -8.12597E+03 -4.26294E+04  1.07664E+03 -6.83192E+03  7.34851E+03 -1.11047E+04  3.23374E+04  2.49938E+04
 THETA4        1.71461E+02 -5.02256E+02 -8.72583E+02  2.79172E+02  2.60514E+03  3.93975E+03 -9.41835E+01  5.97797E+02 -6.70161E+02  9.66966E+02 -2.99263E+03 -2.33251E+03
 THETA5        1.64164E+03 -5.12167E+03 -8.12597E+03  2.60514E+03  4.45268E+04  3.67634E+04 -6.82155E+02  5.95082E+03 -7.71135E+03  9.20397E+03 -3.03696E+04 -2.14346E+04
 SIGMA(1,1)    9.09456E+03 -2.53616E+04 -4.26294E+04  3.93975E+03  3.67634E+04  2.07116E+05 -4.45029E+03  3.06453E+04 -3.35067E+04  4.88387E+04 -1.46238E+05 -1.11065E+05
 OMEGA(1,1)   -6.05835E+02  7.34979E+02  1.07664E+03 -9.41835E+01 -6.82155E+02 -4.45029E+03  8.01055E+02 -2.12142E+03  1.07345E+03 -3.25001E+03  3.98377E+03  2.58029E+03
 OMEGA(2,1)    2.40603E+03 -4.55128E+03 -6.83192E+03  5.97797E+02  5.95082E+03  3.06453E+04 -2.12142E+03  8.70687E+03 -6.85350E+03  1.30400E+04 -2.56646E+04 -1.72708E+04
 OMEGA(2,2)   -1.74372E+03  5.02307E+03  7.34851E+03 -6.70161E+02 -7.71135E+03 -3.35067E+04  1.07345E+03 -6.85350E+03  8.32067E+03 -9.71111E+03  2.96002E+04  1.97199E+04
 OMEGA(3,1)    3.78851E+03 -6.93358E+03 -1.11047E+04  9.66966E+02  9.20397E+03  4.88387E+04 -3.25001E+03  1.30400E+04 -9.71111E+03  2.08231E+04 -3.96037E+04 -2.83894E+04
 OMEGA(3,2)   -7.06759E+03  2.00454E+04  3.23374E+04 -2.99263E+03 -3.03696E+04 -1.46238E+05  3.98377E+03 -2.56646E+04  2.96002E+04 -3.96037E+04  1.19427E+05  8.75431E+04
 OMEGA(3,3)   -4.97754E+03  1.44114E+04  2.49938E+04 -2.33251E+03 -2.14346E+04 -1.11065E+05  2.58029E+03 -1.72708E+04  1.97199E+04 -2.83894E+04  8.75431E+04  6.90484E+04
TABLE NO.     2: Stochastic Approximation Expectation-Maximization (No Prior): Problem=1 Subproblem=0 Superproblem1=0 Iteration1=0 Superproblem2=0 Iteration2=0
 NAME         THETA1       THETA2       THETA3       THETA4       THETA5       SIGMA(1,1)   OMEGA(1,1)   OMEGA(2,1)   OMEGA(2,2)   OMEGA(3,1)   OMEGA(3,2)   OMEGA(3,3)
 THETA1        2.36766E+03  2.30983E+02 -1.15662E+03 -6.12079E+00 -4.58911E+02 -3.28295E+03 -3.37555E+03 -1.01240E+03 -2.36694E+02  3.38547E+03  2.12100E+02 -7.37741E+02
 THETA2        2.30983E+02  4.30404E+03 -1.71460E+03  1.30086E+01 -2.29134E+02 -6.95080E+03 -4.33809E+02 -2.61078E+02  3.26472E+02  1.85286E+02 -2.95164E+02  6.86136E+01
 THETA3       -1.15662E+03 -1.71460E+03  4.40462E+03  1.84886E+01  1.74440E+02  2.79188E+03  1.86987E+03  7.35561E+01 -1.44158E+02 -1.69426E+03  2.40878E+02  8.75333E+01
 THETA4       -6.12079E+00  1.30086E+01  1.84886E+01  1.98576E+02  1.87477E+03 -1.64561E+03 -1.73380E+02  2.97286E+02 -2.44082E+01  1.25999E+02 -3.69972E+02  2.09031E+02
 THETA5       -4.58911E+02 -2.29134E+02  1.74440E+02  1.87477E+03  3.74634E+04 -2.82008E+04  1.28303E+02  1.54173E+03 -3.89028E+02 -3.01725E+02 -5.90479E+03  3.02388E+03
 SIGMA(1,1)   -3.28295E+03 -6.95080E+03  2.79188E+03 -1.64561E+03 -2.82008E+04  1.78443E+06  8.99984E+03  3.65051E+03  9.53624E+03 -1.62754E+04  6.37642E+04 -2.98579E+04
 OMEGA(1,1)   -3.37555E+03 -4.33809E+02  1.86987E+03 -1.73380E+02  1.28303E+02  8.99984E+03  2.91464E+04  6.03996E+03 -1.99763E+02 -3.62634E+04 -1.74250E+03  9.40622E+03
 OMEGA(2,1)   -1.01240E+03 -2.61078E+02  7.35561E+01  2.97286E+02  1.54173E+03  3.65051E+03  6.03996E+03  3.45340E+04  4.60751E+03 -1.68639E+04 -2.01154E+04  4.50305E+03
 OMEGA(2,2)   -2.36694E+02  3.26472E+02 -1.44158E+02 -2.44082E+01 -3.89028E+02  9.53624E+03 -1.99763E+02  4.60751E+03  3.17544E+04 -2.18019E+03 -2.24420E+04  5.07639E+03
 OMEGA(3,1)    3.38547E+03  1.85286E+02 -1.69426E+03  1.25999E+02 -3.01725E+02 -1.62754E+04 -3.62634E+04 -1.68639E+04 -2.18019E+03  6.90183E+04  5.68516E+03 -2.01204E+04
 OMEGA(3,2)    2.12100E+02 -2.95164E+02  2.40878E+02 -3.69972E+02 -5.90479E+03  6.37642E+04 -1.74250E+03 -2.01154E+04 -2.24420E+04  5.68516E+03  7.61478E+04 -2.20552E+04
 OMEGA(3,3)   -7.37741E+02  6.86136E+01  8.75333E+01  2.09031E+02  3.02388E+03 -2.98579E+04  9.40622E+03  4.50305E+03  5.07639E+03 -2.01204E+04 -2.20552E+04  3.20982E+04
TABLE NO.     3: Objective Function Evaluation by Importance Sampling (No Prior): Problem=1 Subproblem=0 Superproblem1=0 Iteration1=0 Superproblem2=0 Iteration2=0
 NAME         THETA1       THETA2       THETA3       THETA4       THETA5       SIGMA(1,1)   OMEGA(1,1)   OMEGA(2,1)   OMEGA(2,2)   OMEGA(3,1)   OMEGA(3,2)   OMEGA(3,3)
 THETA1        2.36233E+03  2.28920E+02 -1.15381E+03 -6.34073E+00 -1.43544E+02 -1.54801E+03 -7.85042E+02 -3.25144E+02 -2.05567E+02  3.66484E+02  2.40128E+02  5.64726E+01
 THETA2        2.28920E+02  4.31781E+03 -1.71958E+03 -5.02352E+00 -1.34769E+02 -2.63627E+03 -1.06709E+02 -1.55616E+02 -1.11283E+02  2.14437E+02  2.01180E+02 -1.02623E+02
 THETA3       -1.15381E+03 -1.71958E+03  4.41621E+03  4.47302E-01  3.14510E+00 -6.98168E+02  3.66079E+02  8.25820E+01  1.16827E+02 -6.93983E+01 -9.50616E+01 -8.84493E+01
 THETA4       -6.34073E+00 -5.02352E+00  4.47302E-01  1.78775E+02  1.69754E+03 -9.25297E+01 -2.94273E-01  4.89344E-01 -2.80584E+00  5.82470E-01 -2.56822E+00  1.76324E+00
 THETA5       -1.43544E+02 -1.34769E+02  3.14510E+00  1.69754E+03  4.23935E+04 -2.34506E+03 -2.86220E+01 -4.61180E+01 -1.42442E+02  1.36126E+02  2.41937E+00 -1.95422E+00
 SIGMA(1,1)   -1.54801E+03 -2.63627E+03 -6.98168E+02 -9.25297E+01 -2.34506E+03  1.95752E+06  1.43421E+04  6.98713E+03  3.16138E+03 -1.46293E+04 -1.05435E+02  4.02049E+03
 OMEGA(1,1)   -7.85042E+02 -1.06709E+02  3.66079E+02 -2.94273E-01 -2.86220E+01  1.43421E+04  1.02357E+04  2.75100E+03  2.28830E+02 -1.01976E+04 -1.42136E+03  2.56371E+03
 OMEGA(2,1)   -3.25144E+02 -1.55616E+02  8.25820E+01  4.89344E-01 -4.61180E+01  6.98713E+03  2.75100E+03  3.58544E+04  3.61719E+03 -1.60715E+04 -1.86223E+04  7.01250E+03
 OMEGA(2,2)   -2.05567E+02 -1.11283E+02  1.16827E+02 -2.80584E+00 -1.42442E+02  3.16138E+03  2.28830E+02  3.61719E+03  3.22618E+04 -1.61607E+03 -2.58368E+04  5.13313E+03
 OMEGA(3,1)    3.66484E+02  2.14437E+02 -6.93983E+01  5.82470E-01  1.36126E+02 -1.46293E+04 -1.01976E+04 -1.60715E+04 -1.61607E+03  4.13371E+04  1.09412E+04 -1.75137E+04
 OMEGA(3,2)    2.40128E+02  2.01180E+02 -9.50616E+01 -2.56822E+00  2.41937E+00 -1.05435E+02 -1.42136E+03 -1.86223E+04 -2.58368E+04  1.09412E+04  7.60431E+04 -2.63138E+04
 OMEGA(3,3)    5.64726E+01 -1.02623E+02 -8.84493E+01  1.76324E+00 -1.95422E+00  4.02049E+03  2.56371E+03  7.01250E+03  5.13313E+03 -1.75137E+04 -2.63138E+04  3.35776E+04
