TABLE NO.     1: Iterative Two Stage (No Prior): Problem=1 Subproblem=0 Superproblem1=0 Iteration1=0 Superproblem2=0 Iteration2=0
 NAME         THETA1       THETA2       THETA3       THETA4       THETA5       SIGMA(1,1)   OMEGA(1,1)   OMEGA(2,1)   OMEGA(2,2)   OMEGA(3,1)   OMEGA(3,2)   OMEGA(3,3)
 THETA1        2.62436E+03  2.38166E+02 -1.23611E+03 -6.83851E+00 -4.79586E+02 -2.14741E+03 -3.82121E+03 -1.08234E+03 -2.79491E+02  3.64756E+03  2.49705E+02 -7.55046E+02
 THETA2        2.38166E+02  4.34319E+03 -1.74178E+03  1.26679E+01 -2.15753E+02 -6.73870E+03 -4.58255E+02 -3.46452E+02  3.16077E+02  2.15497E+02 -2.71446E+02  4.78865E+01
 THETA3       -1.23611E+03 -1.74178E+03  4.42971E+03  1.83970E+01  1.81481E+02  2.11630E+03  1.96718E+03  9.46699E+01 -1.34497E+02 -1.69013E+03  2.00605E+02  1.21114E+02
 THETA4       -6.83851E+00  1.26679E+01  1.83970E+01  1.98529E+02  1.87835E+03 -1.67435E+03 -1.87883E+02  3.18230E+02 -2.54302E+01  1.37390E+02 -3.72406E+02  2.05463E+02
 THETA5       -4.79586E+02 -2.15753E+02  1.81481E+02  1.87835E+03  3.76326E+04 -2.79691E+04  1.51893E+02  1.82219E+03 -3.62284E+02 -3.36071E+02 -6.05191E+03  3.04182E+03
 SIGMA(1,1)   -2.14741E+03 -6.73870E+03  2.11630E+03 -1.67435E+03 -2.79691E+04  1.78162E+06  1.16317E+04  2.21319E+03  9.53312E+03 -1.93693E+04  6.39403E+04 -2.83223E+04
 OMEGA(1,1)   -3.82121E+03 -4.58255E+02  1.96718E+03 -1.87883E+02  1.51893E+02  1.16317E+04  3.50693E+04  6.87592E+03 -2.40510E+02 -4.20746E+04 -1.72904E+03  1.04689E+04
 OMEGA(2,1)   -1.08234E+03 -3.46452E+02  9.46699E+01  3.18230E+02  1.82219E+03  2.21319E+03  6.87592E+03  3.87247E+04  4.84230E+03 -1.85279E+04 -2.16991E+04  4.69232E+03
 OMEGA(2,2)   -2.79491E+02  3.16077E+02 -1.34497E+02 -2.54302E+01 -3.62284E+02  9.53312E+03 -2.40510E+02  4.84230E+03  3.22576E+04 -2.28586E+03 -2.30285E+04  5.22688E+03
 OMEGA(3,1)    3.64756E+03  2.15497E+02 -1.69013E+03  1.37390E+02 -3.36071E+02 -1.93693E+04 -4.20746E+04 -1.85279E+04 -2.28586E+03  7.67292E+04  5.61390E+03 -2.11811E+04
 OMEGA(3,2)    2.49705E+02 -2.71446E+02  2.00605E+02 -3.72406E+02 -6.05191E+03  6.39403E+04 -1.72904E+03 -2.16991E+04 -2.30285E+04  5.61390E+03  7.74508E+04 -2.22443E+04
 OMEGA(3,3)   -7.55046E+02  4.78865E+01  1.21114E+02  2.05463E+02  3.04182E+03 -2.83223E+04  1.04689E+04  4.69232E+03  5.22688E+03 -2.11811E+04 -2.22443E+04  3.20158E+04
TABLE NO.     2: Laplacian Conditional Estimation with Interaction: Problem=1 Subproblem=0 Superproblem1=0 Iteration1=0 Superproblem2=0 Iteration2=0
 NAME         THETA1       THETA2       THETA3       THETA4       THETA5       SIGMA(1,1)   OMEGA(1,1)   OMEGA(2,1)   OMEGA(2,2)   OMEGA(3,1)   OMEGA(3,2)   OMEGA(3,3)
 THETA1        2.49672E+03  2.33719E+02 -1.23611E+03 -6.64366E+00 -1.50618E+02 -1.90186E+03 -8.08722E+02 -3.67642E+02 -2.19898E+02  3.40683E+02  2.71660E+02  8.09806E+01
 THETA2        2.33719E+02  4.33832E+03 -1.73066E+03 -5.04534E+00 -1.36226E+02 -2.72161E+03 -1.11443E+02 -2.20503E+02 -1.18464E+02  2.47216E+02  2.43460E+02 -1.19444E+02
 THETA3       -1.23611E+03 -1.73066E+03  4.48035E+03  6.38177E-01  7.12012E+00 -5.31930E+02  3.73426E+02  1.18961E+02  1.27428E+02 -8.90334E+01 -1.22964E+02 -8.05693E+01
 THETA4       -6.64366E+00 -5.04534E+00  6.38177E-01  1.78835E+02  1.69849E+03 -9.41012E+01 -1.01642E-01  1.52310E+00 -1.07639E+00  2.97479E+00  5.90393E-01 -1.01115E+00
 THETA5       -1.50618E+02 -1.36226E+02  7.12012E+00  1.69849E+03  4.24273E+04 -2.46661E+03 -5.48882E+01 -2.96317E+01 -1.50573E+02  1.65033E+02  1.99172E+01 -2.35991E+01
 SIGMA(1,1)   -1.90186E+03 -2.72161E+03 -5.31930E+02 -9.41012E+01 -2.46661E+03  1.95134E+06  1.95109E+04  6.81653E+03  3.75705E+03 -2.05313E+04 -1.08339E+03  6.07120E+03
 OMEGA(1,1)   -8.08722E+02 -1.11443E+02  3.73426E+02 -1.01642E-01 -5.48882E+01  1.95109E+04  1.27869E+04  3.26192E+03  2.49370E+02 -1.32500E+04 -1.52338E+03  3.42119E+03
 OMEGA(2,1)   -3.67642E+02 -2.20503E+02  1.18961E+02  1.52310E+00 -2.96317E+01  6.81653E+03  3.26192E+03  3.88214E+04  3.69801E+03 -1.75427E+04 -2.06484E+04  7.93722E+03
 OMEGA(2,2)   -2.19898E+02 -1.18464E+02  1.27428E+02 -1.07639E+00 -1.50573E+02  3.75705E+03  2.49370E+02  3.69801E+03  3.25332E+04 -1.64133E+03 -2.60376E+04  5.17222E+03
 OMEGA(3,1)    3.40683E+02  2.47216E+02 -8.90334E+01  2.97479E+00  1.65033E+02 -2.05313E+04 -1.32500E+04 -1.75427E+04 -1.64133E+03  4.67215E+04  1.14676E+04 -1.96302E+04
 OMEGA(3,2)    2.71660E+02  2.43460E+02 -1.22964E+02  5.90393E-01  1.99172E+01 -1.08339E+03 -1.52338E+03 -2.06484E+04 -2.60376E+04  1.14676E+04  7.77050E+04 -2.67177E+04
 OMEGA(3,3)    8.09806E+01 -1.19444E+02 -8.05693E+01 -1.01115E+00 -2.35991E+01  6.07120E+03  3.42119E+03  7.93722E+03  5.17222E+03 -1.96302E+04 -2.67177E+04  3.46133E+04
