TABLE NO.     1: Iterative Two Stage (No Prior): Problem=1 Subproblem=0 Superproblem1=0 Iteration1=0 Superproblem2=0 Iteration2=0
 NAME         THETA1       THETA2       THETA3       THETA4       THETA5       SIGMA(1,1)   OMEGA(1,1)   OMEGA(2,1)   OMEGA(2,2)   OMEGA(3,1)   OMEGA(3,2)   OMEGA(3,3)
 THETA1        5.25993E-04  3.36730E-05  1.35233E-04 -2.75598E-05  7.78328E-06  2.42432E-07  7.32431E-05  1.37738E-05  8.29946E-06  2.20665E-05  5.44252E-06  2.55142E-06
 THETA2        3.36730E-05  2.78927E-04  1.18659E-04 -9.00304E-05  6.38570E-06  1.00431E-06  3.28660E-06  5.85192E-06 -2.26951E-06  4.62188E-06  1.44610E-06  3.28822E-06
 THETA3        1.35233E-04  1.18659E-04  3.11481E-04 -9.68256E-05  5.64088E-06  2.50619E-07 -1.94935E-06  6.40939E-06  1.22839E-06  1.94337E-06  2.19589E-06  4.44951E-06
 THETA4       -2.75598E-05 -9.00304E-05 -9.68256E-05  9.94233E-03 -4.91990E-04  9.45797E-07  6.65990E-05 -9.14468E-05  3.13867E-06 -1.99618E-05 -3.02279E-05 -5.94691E-05
 THETA5        7.78328E-06  6.38570E-06  5.64088E-06 -4.91990E-04  5.17150E-05  2.86640E-07 -2.51144E-06  4.17863E-06  1.74850E-06  7.48145E-07  3.41571E-06  1.44165E-06
 SIGMA(1,1)    2.42432E-07  1.00431E-06  2.50619E-07  9.45797E-07  2.86640E-07  6.05409E-07 -5.20032E-08 -2.83988E-07 -6.55628E-07  1.62721E-07 -6.67792E-07  3.14871E-07
 OMEGA(1,1)    7.32431E-05  3.28660E-06 -1.94935E-06  6.65990E-05 -2.51144E-06 -5.20032E-08  9.93654E-05  1.17510E-05  6.13882E-06  5.52104E-05  5.10580E-06  6.35266E-06
 OMEGA(2,1)    1.37738E-05  5.85192E-06  6.40939E-06 -9.14468E-05  4.17863E-06 -2.83988E-07  1.17510E-05  3.96895E-05  4.22266E-06  1.79945E-05  1.49004E-05  1.21391E-05
 OMEGA(2,2)    8.29946E-06 -2.26951E-06  1.22839E-06  3.13867E-06  1.74850E-06 -6.55628E-07  6.13882E-06  4.22266E-06  4.11269E-05  5.04199E-06  1.49280E-05  3.79517E-06
 OMEGA(3,1)    2.20665E-05  4.62188E-06  1.94337E-06 -1.99618E-05  7.48145E-07  1.62721E-07  5.52104E-05  1.79945E-05  5.04199E-06  5.16934E-05  9.54568E-06  2.00251E-05
 OMEGA(3,2)    5.44252E-06  1.44610E-06  2.19589E-06 -3.02279E-05  3.41571E-06 -6.67792E-07  5.10580E-06  1.49004E-05  1.49280E-05  9.54568E-06  2.67788E-05  1.80269E-05
 OMEGA(3,3)    2.55142E-06  3.28822E-06  4.44951E-06 -5.94691E-05  1.44165E-06  3.14871E-07  6.35266E-06  1.21391E-05  3.79517E-06  2.00251E-05  1.80269E-05  5.30934E-05
TABLE NO.     2: MCMC Bayesian Analysis: Problem=1 Subproblem=0 Superproblem1=0 Iteration1=0 Superproblem2=0 Iteration2=0
 NAME         THETA1       THETA2       THETA3       THETA4       THETA5       SIGMA(1,1)   OMEGA(1,1)   OMEGA(2,1)   OMEGA(2,2)   OMEGA(3,1)   OMEGA(3,2)   OMEGA(3,3)
 THETA1        4.95896E-04  3.13486E-05  1.38048E-04 -1.57509E-06  1.63553E-06  1.13650E-07  3.93408E-05  4.51062E-06  1.57840E-06  6.70889E-06 -1.26035E-06 -2.18865E-06
 THETA2        3.13486E-05  2.79696E-04  1.17344E-04  2.73325E-05  9.20418E-08  3.38356E-07  1.23452E-07 -3.32823E-07  5.82948E-07 -1.79079E-07 -1.49343E-06  3.04727E-07
 THETA3        1.38048E-04  1.17344E-04  3.08701E-04  1.25470E-05  1.71757E-07  2.28741E-07 -4.85297E-07  1.87730E-06 -9.89955E-07  1.33176E-06 -5.89583E-07  2.26635E-06
 THETA4       -1.57509E-06  2.73325E-05  1.25470E-05  9.05668E-03 -3.62089E-04  1.06445E-06  2.39763E-06 -2.29311E-06 -4.89937E-06  1.07232E-05 -5.80136E-06 -2.94368E-06
 THETA5        1.63553E-06  9.20418E-08  1.71757E-07 -3.62089E-04  3.81138E-05 -2.52119E-08 -1.68273E-07 -1.58398E-07  2.84161E-07 -4.73327E-07  2.74613E-07  4.44158E-07
 SIGMA(1,1)    1.13650E-07  3.38356E-07  2.28741E-07  1.06445E-06 -2.52119E-08  5.24337E-07 -7.67992E-07 -7.05951E-08 -2.62691E-08 -2.44182E-08 -6.42374E-08 -4.77098E-08
 OMEGA(1,1)    3.93408E-05  1.23452E-07 -4.85297E-07  2.39763E-06 -1.68273E-07 -7.67992E-07  1.47108E-04  9.02738E-06  2.28891E-06  4.45061E-05  3.66453E-06  1.23177E-05
 OMEGA(2,1)    4.51062E-06 -3.32823E-07  1.87730E-06 -2.29311E-06 -1.58398E-07 -7.05951E-08  9.02738E-06  3.95413E-05  5.11283E-06  1.82362E-05  1.19823E-05  9.71932E-06
 OMEGA(2,2)    1.57840E-06  5.82948E-07 -9.89955E-07 -4.89937E-06  2.84161E-07 -2.62691E-08  2.28891E-06  5.11283E-06  4.62043E-05  2.71948E-06  1.88633E-05  8.30913E-06
 OMEGA(3,1)    6.70889E-06 -1.79079E-07  1.33176E-06  1.07232E-05 -4.73327E-07 -2.44182E-08  4.45061E-05  1.82362E-05  2.71948E-06  5.14674E-05  7.69238E-06  2.58781E-05
 OMEGA(3,2)   -1.26035E-06 -1.49343E-06 -5.89583E-07 -5.80136E-06  2.74613E-07 -6.42374E-08  3.66453E-06  1.19823E-05  1.88633E-05  7.69238E-06  2.90947E-05  2.07014E-05
 OMEGA(3,3)   -2.18865E-06  3.04727E-07  2.26635E-06 -2.94368E-06  4.44158E-07 -4.77098E-08  1.23177E-05  9.71932E-06  8.30913E-06  2.58781E-05  2.07014E-05  5.67955E-05
