TABLE NO.     1: Iterative Two Stage (No Prior): Problem=1 Subproblem=0 Superproblem1=0 Iteration1=0 Superproblem2=0 Iteration2=0
 NAME         THETA1       THETA2       THETA3       THETA4       THETA5       SIGMA(1,1)   OMEGA(1,1)   OMEGA(2,1)   OMEGA(2,2)   OMEGA(3,1)   OMEGA(3,2)   OMEGA(3,3)
 THETA1        2.29345E-02  8.79117E-02  3.34102E-01 -1.20515E-02  4.71916E-02  1.35855E-02  3.20375E-01  9.53292E-02  5.64283E-02  1.33822E-01  4.58579E-02  1.52677E-02
 THETA2        8.79117E-02  1.67011E-02  4.02569E-01 -5.40629E-02  5.31685E-02  7.72855E-02  1.97416E-02  5.56180E-02 -2.11897E-02  3.84907E-02  1.67324E-02  2.70206E-02
 THETA3        3.34102E-01  4.02569E-01  1.76488E-02 -5.50212E-02  4.44450E-02  1.82505E-02 -1.10804E-02  5.76452E-02  1.08532E-02  1.53152E-02  2.40436E-02  3.46001E-02
 THETA4       -1.20515E-02 -5.40629E-02 -5.50212E-02  9.97112E-02 -6.86126E-01  1.21907E-02  6.70048E-02 -1.45575E-01  4.90839E-03 -2.78444E-02 -5.85825E-02 -8.18516E-02
 THETA5        4.71916E-02  5.31685E-02  4.44450E-02 -6.86126E-01  7.19131E-03  5.12277E-02 -3.50345E-02  9.22333E-02  3.79136E-02  1.44697E-02  9.17861E-02  2.75127E-02
 SIGMA(1,1)    1.35855E-02  7.72855E-02  1.82505E-02  1.21907E-02  5.12277E-02  7.78080E-04 -6.70484E-03 -5.79346E-02 -1.31392E-01  2.90872E-02 -1.65852E-01  5.55378E-02
 OMEGA(1,1)    3.20375E-01  1.97416E-02 -1.10804E-02  6.70048E-02 -3.50345E-02 -6.70484E-03  9.96822E-03  1.87120E-01  9.60295E-02  7.70346E-01  9.89808E-02  8.74617E-02
 OMEGA(2,1)    9.53292E-02  5.56180E-02  5.76452E-02 -1.45575E-01  9.22333E-02 -5.79346E-02  1.87120E-01  6.29996E-03  1.04517E-01  3.97269E-01  4.57051E-01  2.64441E-01
 OMEGA(2,2)    5.64283E-02 -2.11897E-02  1.08532E-02  4.90839E-03  3.79136E-02 -1.31392E-01  9.60295E-02  1.04517E-01  6.41302E-03  1.09351E-01  4.49825E-01  8.12172E-02
 OMEGA(3,1)    1.33822E-01  3.84907E-02  1.53152E-02 -2.78444E-02  1.44697E-02  2.90872E-02  7.70346E-01  3.97269E-01  1.09351E-01  7.18981E-03  2.56563E-01  3.82240E-01
 OMEGA(3,2)    4.58579E-02  1.67324E-02  2.40436E-02 -5.85825E-02  9.17861E-02 -1.65852E-01  9.89808E-02  4.57051E-01  4.49825E-01  2.56563E-01  5.17482E-03  4.78087E-01
 OMEGA(3,3)    1.52677E-02  2.70206E-02  3.46001E-02 -8.18516E-02  2.75127E-02  5.55378E-02  8.74617E-02  2.64441E-01  8.12172E-02  3.82240E-01  4.78087E-01  7.28652E-03
TABLE NO.     2: MCMC Bayesian Analysis: Problem=1 Subproblem=0 Superproblem1=0 Iteration1=0 Superproblem2=0 Iteration2=0
 NAME         THETA1       THETA2       THETA3       THETA4       THETA5       SIGMA(1,1)   OMEGA(1,1)   OMEGA(2,1)   OMEGA(2,2)   OMEGA(3,1)   OMEGA(3,2)   OMEGA(3,3)
 THETA1        2.22687E-02  8.41743E-02  3.52829E-01 -7.43234E-04  1.18965E-02  7.04808E-03  1.45657E-01  3.22118E-02  1.04275E-02  4.19942E-02 -1.04928E-02 -1.30414E-02
 THETA2        8.41743E-02  1.67241E-02  3.99345E-01  1.71732E-02  8.91457E-04  2.79399E-02  6.08607E-04 -3.16479E-03  5.12797E-03 -1.49257E-03 -1.65552E-02  2.41775E-03
 THETA3        3.52829E-01  3.99345E-01  1.75699E-02  7.50387E-03  1.58345E-03  1.79792E-02 -2.27730E-03  1.69918E-02 -8.28907E-03  1.05655E-02 -6.22113E-03  1.71159E-02
 THETA4       -7.43234E-04  1.71732E-02  7.50387E-03  9.51666E-02 -6.16296E-01  1.54467E-02  2.07720E-03 -3.83190E-03 -7.57381E-03  1.57063E-02 -1.13016E-02 -4.10439E-03
 THETA5        1.18965E-02  8.91457E-04  1.58345E-03 -6.16296E-01  6.17364E-03 -5.63974E-03 -2.24727E-03 -4.08022E-03  6.77146E-03 -1.06870E-02  8.24656E-03  9.54639E-03
 SIGMA(1,1)    7.04808E-03  2.79399E-02  1.79792E-02  1.54467E-02 -5.63974E-03  7.24111E-04 -8.74447E-02 -1.55040E-02 -5.33701E-03 -4.70049E-03 -1.64466E-02 -8.74270E-03
 OMEGA(1,1)    1.45657E-01  6.08607E-04 -2.27730E-03  2.07720E-03 -2.24727E-03 -8.74447E-02  1.21288E-02  1.18364E-01  2.77632E-02  5.11488E-01  5.60136E-02  1.34758E-01
 OMEGA(2,1)    3.22118E-02 -3.16479E-03  1.69918E-02 -3.83190E-03 -4.08022E-03 -1.55040E-02  1.18364E-01  6.28819E-03  1.19618E-01  4.04244E-01  3.53271E-01  2.05094E-01
 OMEGA(2,2)    1.04275E-02  5.12797E-03 -8.28907E-03 -7.57381E-03  6.77146E-03 -5.33701E-03  2.77632E-02  1.19618E-01  6.79737E-03  5.57671E-02  5.14481E-01  1.62203E-01
 OMEGA(3,1)    4.19942E-02 -1.49257E-03  1.05655E-02  1.57063E-02 -1.06870E-02 -4.70049E-03  5.11488E-01  4.04244E-01  5.57671E-02  7.17408E-03  1.98787E-01  4.78640E-01
 OMEGA(3,2)   -1.04928E-02 -1.65552E-02 -6.22113E-03 -1.13016E-02  8.24656E-03 -1.64466E-02  5.60136E-02  3.53271E-01  5.14481E-01  1.98787E-01  5.39395E-03  5.09255E-01
 OMEGA(3,3)   -1.30414E-02  2.41775E-03  1.71159E-02 -4.10439E-03  9.54639E-03 -8.74270E-03  1.34758E-01  2.05094E-01  1.62203E-01  4.78640E-01  5.09255E-01  7.53628E-03
