TABLE NO.     1: Iterative Two Stage (No Prior): Problem=1 Subproblem=0 Superproblem1=0 Iteration1=0 Superproblem2=0 Iteration2=0
 NAME         THETA1       THETA2       THETA3       THETA4       THETA5       SIGMA(1,1)   OMEGA(1,1)   OMEGA(2,1)   OMEGA(2,2)   OMEGA(3,1)   OMEGA(3,2)   OMEGA(3,3)
 THETA1        2.29345E-02  8.79117E-02  3.34102E-01 -1.20515E-02  4.71916E-02  1.35855E-02  3.20375E-01  9.53292E-02  5.64283E-02  1.33822E-01  4.58579E-02  1.52677E-02
 THETA2        8.79117E-02  1.67011E-02  4.02569E-01 -5.40629E-02  5.31685E-02  7.72855E-02  1.97416E-02  5.56180E-02 -2.11897E-02  3.84907E-02  1.67324E-02  2.70206E-02
 THETA3        3.34102E-01  4.02569E-01  1.76488E-02 -5.50212E-02  4.44450E-02  1.82505E-02 -1.10804E-02  5.76452E-02  1.08532E-02  1.53152E-02  2.40436E-02  3.46001E-02
 THETA4       -1.20515E-02 -5.40629E-02 -5.50212E-02  9.97112E-02 -6.86126E-01  1.21907E-02  6.70048E-02 -1.45575E-01  4.90839E-03 -2.78444E-02 -5.85825E-02 -8.18516E-02
 THETA5        4.71916E-02  5.31685E-02  4.44450E-02 -6.86126E-01  7.19131E-03  5.12277E-02 -3.50345E-02  9.22333E-02  3.79136E-02  1.44697E-02  9.17861E-02  2.75127E-02
 SIGMA(1,1)    1.35855E-02  7.72855E-02  1.82505E-02  1.21907E-02  5.12277E-02  7.78080E-04 -6.70484E-03 -5.79346E-02 -1.31392E-01  2.90872E-02 -1.65852E-01  5.55378E-02
 OMEGA(1,1)    3.20375E-01  1.97416E-02 -1.10804E-02  6.70048E-02 -3.50345E-02 -6.70484E-03  9.96822E-03  1.87120E-01  9.60295E-02  7.70346E-01  9.89808E-02  8.74617E-02
 OMEGA(2,1)    9.53292E-02  5.56180E-02  5.76452E-02 -1.45575E-01  9.22333E-02 -5.79346E-02  1.87120E-01  6.29996E-03  1.04517E-01  3.97269E-01  4.57051E-01  2.64441E-01
 OMEGA(2,2)    5.64283E-02 -2.11897E-02  1.08532E-02  4.90839E-03  3.79136E-02 -1.31392E-01  9.60295E-02  1.04517E-01  6.41302E-03  1.09351E-01  4.49825E-01  8.12172E-02
 OMEGA(3,1)    1.33822E-01  3.84907E-02  1.53152E-02 -2.78444E-02  1.44697E-02  2.90872E-02  7.70346E-01  3.97269E-01  1.09351E-01  7.18981E-03  2.56563E-01  3.82240E-01
 OMEGA(3,2)    4.58579E-02  1.67324E-02  2.40436E-02 -5.85825E-02  9.17861E-02 -1.65852E-01  9.89808E-02  4.57051E-01  4.49825E-01  2.56563E-01  5.17482E-03  4.78087E-01
 OMEGA(3,3)    1.52677E-02  2.70206E-02  3.46001E-02 -8.18516E-02  2.75127E-02  5.55378E-02  8.74617E-02  2.64441E-01  8.12172E-02  3.82240E-01  4.78087E-01  7.28652E-03
TABLE NO.     2: Laplacian Conditional Estimation with Interaction: Problem=1 Subproblem=0 Superproblem1=0 Iteration1=0 Superproblem2=0 Iteration2=0
 NAME         THETA1       THETA2       THETA3       THETA4       THETA5       SIGMA(1,1)   OMEGA(1,1)   OMEGA(2,1)   OMEGA(2,2)   OMEGA(3,1)   OMEGA(3,2)   OMEGA(3,3)
 THETA1        2.18744E-02  8.70596E-02  3.69196E-01  7.13245E-04  1.30295E-02  1.80931E-02  1.37227E-01  3.41912E-02  1.47295E-02  4.77432E-02 -5.49166E-03 -1.07260E-02
 THETA2        8.70596E-02  1.65868E-02  3.96122E-01 -8.09957E-04  1.03425E-02  3.69092E-02 -6.28282E-03  7.81342E-03  3.05783E-03 -1.04999E-02 -3.33880E-03  3.25908E-04
 THETA3        3.69196E-01  3.96122E-01  1.75137E-02 -3.97202E-04  8.06387E-03  2.98950E-02 -2.85574E-03  6.11186E-03 -3.30972E-04 -5.92372E-03 -5.00665E-04  1.42047E-03
 THETA4        7.13245E-04 -8.09957E-04 -3.97202E-04  9.49855E-02 -6.16529E-01 -5.41888E-05 -8.81458E-04 -1.14658E-03 -3.12017E-03  5.61203E-04 -1.68725E-03  1.36511E-04
 THETA5        1.30295E-02  1.03425E-02  8.06387E-03 -6.16529E-01  6.16783E-03  7.08428E-03  1.69070E-03  7.67239E-04  5.58820E-03 -2.30358E-03  2.20645E-03 -8.87497E-04
 SIGMA(1,1)    1.80931E-02  3.69092E-02  2.98950E-02 -5.41888E-05  7.08428E-03  7.22241E-04 -1.00953E-01 -1.14757E-02 -1.99139E-02 -5.56423E-03 -1.83671E-02 -1.04819E-02
 OMEGA(1,1)    1.37227E-01 -6.28282E-03 -2.85574E-03 -8.81458E-04  1.69070E-03 -1.00953E-01  1.08676E-02  1.11512E-01  8.81429E-03  5.30076E-01  3.87213E-02  1.35665E-01
 OMEGA(2,1)    3.41912E-02  7.81342E-03  6.11186E-03 -1.14658E-03  7.67239E-04 -1.14757E-02  1.11512E-01  6.08567E-03  1.24348E-01  4.03542E-01  3.80306E-01  2.03602E-01
 OMEGA(2,2)    1.47295E-02  3.05783E-03 -3.30972E-04 -3.12017E-03  5.58820E-03 -1.99139E-02  8.81429E-03  1.24348E-01  6.61218E-03  4.97857E-02  5.21207E-01  1.57733E-01
 OMEGA(3,1)    4.77432E-02 -1.04999E-02 -5.92372E-03  5.61203E-04 -2.30358E-03 -5.56423E-03  5.30076E-01  4.03542E-01  4.97857E-02  6.89363E-03  2.03258E-01  4.83737E-01
 OMEGA(3,2)   -5.49166E-03 -3.33880E-03 -5.00665E-04 -1.68725E-03  2.20645E-03 -1.83671E-02  3.87213E-02  3.80306E-01  5.21207E-01  2.03258E-01  5.30558E-03  5.17379E-01
 OMEGA(3,3)   -1.07260E-02  3.25908E-04  1.42047E-03  1.36511E-04 -8.87497E-04 -1.04819E-02  1.35665E-01  2.03602E-01  1.57733E-01  4.83737E-01  5.17379E-01  7.35455E-03
