TABLE NO.     1: Iterative Two Stage (No Prior): Problem=1 Subproblem=0 Superproblem1=0 Iteration1=0 Superproblem2=0 Iteration2=0
 NAME         THETA1       THETA2       THETA3       THETA4       THETA5       SIGMA(1,1)   OMEGA(1,1)   OMEGA(2,1)   OMEGA(2,2)   OMEGA(3,1)   OMEGA(3,2)   OMEGA(3,3)
 THETA1        2.62436E+03  2.38166E+02 -1.23611E+03 -6.83851E+00 -4.79586E+02 -2.14741E+03 -3.82121E+03 -1.08234E+03 -2.79491E+02  3.64756E+03  2.49705E+02 -7.55046E+02
 THETA2        2.38166E+02  4.34319E+03 -1.74178E+03  1.26679E+01 -2.15753E+02 -6.73870E+03 -4.58255E+02 -3.46452E+02  3.16077E+02  2.15497E+02 -2.71446E+02  4.78865E+01
 THETA3       -1.23611E+03 -1.74178E+03  4.42971E+03  1.83970E+01  1.81481E+02  2.11630E+03  1.96718E+03  9.46699E+01 -1.34497E+02 -1.69013E+03  2.00605E+02  1.21114E+02
 THETA4       -6.83851E+00  1.26679E+01  1.83970E+01  1.98529E+02  1.87835E+03 -1.67435E+03 -1.87883E+02  3.18230E+02 -2.54302E+01  1.37390E+02 -3.72406E+02  2.05463E+02
 THETA5       -4.79586E+02 -2.15753E+02  1.81481E+02  1.87835E+03  3.76326E+04 -2.79691E+04  1.51893E+02  1.82219E+03 -3.62284E+02 -3.36071E+02 -6.05191E+03  3.04182E+03
 SIGMA(1,1)   -2.14741E+03 -6.73870E+03  2.11630E+03 -1.67435E+03 -2.79691E+04  1.78162E+06  1.16317E+04  2.21319E+03  9.53312E+03 -1.93693E+04  6.39403E+04 -2.83223E+04
 OMEGA(1,1)   -3.82121E+03 -4.58255E+02  1.96718E+03 -1.87883E+02  1.51893E+02  1.16317E+04  3.50693E+04  6.87592E+03 -2.40510E+02 -4.20746E+04 -1.72904E+03  1.04689E+04
 OMEGA(2,1)   -1.08234E+03 -3.46452E+02  9.46699E+01  3.18230E+02  1.82219E+03  2.21319E+03  6.87592E+03  3.87247E+04  4.84230E+03 -1.85279E+04 -2.16991E+04  4.69232E+03
 OMEGA(2,2)   -2.79491E+02  3.16077E+02 -1.34497E+02 -2.54302E+01 -3.62284E+02  9.53312E+03 -2.40510E+02  4.84230E+03  3.22576E+04 -2.28586E+03 -2.30285E+04  5.22688E+03
 OMEGA(3,1)    3.64756E+03  2.15497E+02 -1.69013E+03  1.37390E+02 -3.36071E+02 -1.93693E+04 -4.20746E+04 -1.85279E+04 -2.28586E+03  7.67292E+04  5.61390E+03 -2.11811E+04
 OMEGA(3,2)    2.49705E+02 -2.71446E+02  2.00605E+02 -3.72406E+02 -6.05191E+03  6.39403E+04 -1.72904E+03 -2.16991E+04 -2.30285E+04  5.61390E+03  7.74508E+04 -2.22443E+04
 OMEGA(3,3)   -7.55046E+02  4.78865E+01  1.21114E+02  2.05463E+02  3.04182E+03 -2.83223E+04  1.04689E+04  4.69232E+03  5.22688E+03 -2.11811E+04 -2.22443E+04  3.20158E+04
TABLE NO.     2: MCMC Bayesian Analysis: Problem=1 Subproblem=0 Superproblem1=0 Iteration1=0 Superproblem2=0 Iteration2=0
 NAME         THETA1       THETA2       THETA3       THETA4       THETA5       SIGMA(1,1)   OMEGA(1,1)   OMEGA(2,1)   OMEGA(2,2)   OMEGA(3,1)   OMEGA(3,2)   OMEGA(3,3)
 THETA1        2.38317E+03  2.19097E+02 -1.14977E+03 -4.44640E+00 -1.41916E+02 -1.26699E+03 -7.65301E+02 -3.10455E+02 -1.80802E+02  4.10633E+02  2.47250E+02  1.04693E+02
 THETA2        2.19097E+02  4.28079E+03 -1.72284E+03 -1.73735E+01 -1.77283E+02 -2.17334E+03 -1.18876E+02 -1.61575E+01 -2.46672E+02  1.39785E+02  3.96972E+02 -9.08654E+01
 THETA3       -1.14977E+03 -1.72284E+03  4.41268E+03  6.12828E-01  3.98134E+01 -4.82897E+00  3.99997E+02 -7.33332E+01  1.85488E+02 -1.83562E+02  2.97546E+01 -2.39975E+02
 THETA4       -4.44640E+00 -1.73735E+01  6.12828E-01  1.78247E+02  1.69291E+03 -2.50247E+02  9.80862E+00  3.03817E+01  1.95123E+00 -4.42827E+01  1.18307E+01  3.93926E+00
 THETA5       -1.41916E+02 -1.77283E+02  3.98134E+01  1.69291E+03  4.23326E+04 -1.20220E+03  3.66231E+01  3.04136E+02 -8.19516E+01  9.16591E+01  8.36910E+01 -3.70695E+02
 SIGMA(1,1)   -1.26699E+03 -2.17334E+03 -4.82897E+00 -2.50247E+02 -1.20220E+03  1.93111E+06  1.44779E+04  6.24863E+03 -5.84915E+02 -1.59146E+04  1.21219E+03  4.26743E+03
 OMEGA(1,1)   -7.65301E+02 -1.18876E+02  3.99997E+02  9.80862E+00  3.66231E+01  1.44779E+04  9.90957E+03  2.41985E+03 -2.16165E+01 -1.04733E+04 -1.36359E+03  2.67648E+03
 OMEGA(2,1)   -3.10455E+02 -1.61575E+01 -7.33332E+01  3.03817E+01  3.04136E+02  6.24863E+03  2.41985E+03  3.50302E+04  2.67199E+03 -1.51712E+04 -1.68092E+04  6.12443E+03
 OMEGA(2,2)   -1.80802E+02 -2.46672E+02  1.85488E+02  1.95123E+00 -8.19516E+01 -5.84915E+02 -2.16165E+01  2.67199E+03  3.02181E+04 -1.09072E+03 -2.33505E+04  4.12175E+03
 OMEGA(3,1)    4.10633E+02  1.39785E+02 -1.83562E+02 -4.42827E+01  9.16591E+01 -1.59146E+04 -1.04733E+04 -1.51712E+04 -1.09072E+03  4.10796E+04  9.62137E+03 -1.71910E+04
 OMEGA(3,2)    2.47250E+02  3.96972E+02  2.97546E+01  1.18307E+01  8.36910E+01  1.21219E+03 -1.36359E+03 -1.68092E+04 -2.33505E+04  9.62137E+03  7.09131E+04 -2.36353E+04
 OMEGA(3,3)    1.04693E+02 -9.08654E+01 -2.39975E+02  3.93926E+00 -3.70695E+02  4.26743E+03  2.67648E+03  6.12443E+03  4.12175E+03 -1.71910E+04 -2.36353E+04  3.18439E+04
