TABLE NO.     1: Iterative Two Stage: Problem=1 Subproblem=0 Superproblem1=0 Iteration1=0 Superproblem2=0 Iteration2=0
 NAME         THETA1       THETA2       THETA3       THETA4       THETA5       SIGMA(1,1)   OMEGA(1,1)   OMEGA(2,1)   OMEGA(2,2)   OMEGA(3,1)   OMEGA(3,2)   OMEGA(3,3)
 THETA1        1.60644E-01  5.37468E-02  9.05494E-03  5.04791E-03 -2.24203E-04  1.83358E-04  8.72379E-03 -8.20488E-03 -7.04300E-03 -2.04144E-02 -6.83106E-03 -2.61853E-03
 THETA2        5.37468E-02  2.80188E-01 -1.27122E-01 -3.71770E-03 -1.87263E-04  1.30399E-03 -6.81579E-05  1.77821E-02 -1.66221E-02 -1.95573E-02 -3.49252E-02  3.87600E-02
 THETA3        9.05494E-03 -1.27122E-01  9.64337E-02  4.77764E-03  4.85325E-05  1.43710E-03  5.09371E-03 -9.77302E-03  1.44196E-02  7.10996E-03  1.14740E-02 -2.36106E-02
 THETA4        5.04791E-03 -3.71770E-03  4.77764E-03  1.01839E-02 -5.10156E-04  4.69303E-05  1.15735E-03 -1.22765E-03  1.28334E-04  2.00820E-04  1.16683E-04 -7.80751E-04
 THETA5       -2.24203E-04 -1.87263E-04  4.85325E-05 -5.10156E-04  5.41475E-05  3.36402E-06 -5.25567E-05  5.35255E-05  7.40017E-06  1.44705E-06  6.09864E-05 -5.31469E-05
 SIGMA(1,1)    1.83358E-04  1.30399E-03  1.43710E-03  4.69303E-05  3.36402E-06  2.03694E-04  8.24983E-05 -3.12716E-05 -6.36677E-05  1.31501E-04 -1.65841E-04 -1.77259E-04
 OMEGA(1,1)    8.72379E-03 -6.81579E-05  5.09371E-03  1.15735E-03 -5.25567E-05  8.24983E-05  7.90388E-03  1.92287E-03  8.20689E-04 -4.49936E-04 -5.40741E-06 -1.27213E-03
 OMEGA(2,1)   -8.20488E-03  1.77821E-02 -9.77302E-03 -1.22765E-03  5.35255E-05 -3.12716E-05  1.92287E-03  8.12920E-03  2.83055E-03 -2.86990E-03 -3.03102E-03  2.97557E-03
 OMEGA(2,2)   -7.04300E-03 -1.66221E-02  1.44196E-02  1.28334E-04  7.40017E-06 -6.36677E-05  8.20689E-04  2.83055E-03  1.39594E-02 -2.55242E-04 -4.80731E-03  3.26841E-04
 OMEGA(3,1)   -2.04144E-02 -1.95573E-02  7.10996E-03  2.00820E-04  1.44705E-06  1.31501E-04 -4.49936E-04 -2.86990E-03 -2.55242E-04  5.33095E-03  2.99670E-03 -1.98027E-03
 OMEGA(3,2)   -6.83106E-03 -3.49252E-02  1.14740E-02  1.16683E-04  6.09864E-05 -1.65841E-04 -5.40741E-06 -3.03102E-03 -4.80731E-03  2.99670E-03  8.43372E-03 -6.44580E-03
 OMEGA(3,3)   -2.61853E-03  3.87600E-02 -2.36106E-02 -7.80751E-04 -5.31469E-05 -1.77259E-04 -1.27213E-03  2.97557E-03  3.26841E-04 -1.98027E-03 -6.44580E-03  8.01095E-03
TABLE NO.     2: Stochastic Approximation Expectation-Maximization (No Prior): Problem=1 Subproblem=0 Superproblem1=0 Iteration1=0 Superproblem2=0 Iteration2=0
 NAME         THETA1       THETA2       THETA3       THETA4       THETA5       SIGMA(1,1)   OMEGA(1,1)   OMEGA(2,1)   OMEGA(2,2)   OMEGA(3,1)   OMEGA(3,2)   OMEGA(3,3)
 THETA1        5.83867E-04  3.37688E-05  1.38721E-04 -3.06784E-05  8.69360E-06  6.75907E-07  8.48550E-05  1.56437E-05  7.86811E-06  2.42125E-05  5.70172E-06  3.76832E-06
 THETA2        3.37688E-05  2.80379E-04  1.17528E-04 -9.30277E-05  6.71089E-06  1.02977E-06  3.76223E-06  5.71607E-06 -2.48236E-06  5.08137E-06  1.27970E-06  3.34048E-06
 THETA3        1.38721E-04  1.17528E-04  3.11085E-04 -1.02302E-04  5.96757E-06  2.47307E-07 -2.99643E-06  7.01592E-06  1.04965E-06  2.26755E-06  2.25118E-06  5.11889E-06
 THETA4       -3.06784E-05 -9.30277E-05 -1.02302E-04  9.95851E-03 -4.94409E-04  7.82205E-07  7.61290E-05 -9.78206E-05  3.74673E-06 -1.95881E-05 -2.92830E-05 -5.93528E-05
 THETA5        8.69360E-06  6.71089E-06  5.96757E-06 -4.94409E-04  5.20428E-05  3.05461E-07 -2.81826E-06  4.60962E-06  1.71434E-06  7.56982E-07  3.39224E-06  1.48367E-06
 SIGMA(1,1)    6.75907E-07  1.02977E-06  2.47307E-07  7.82205E-07  3.05461E-07  6.06046E-07  4.51202E-08 -3.19518E-07 -6.49917E-07  1.91295E-07 -6.70518E-07  3.36112E-07
 OMEGA(1,1)    8.48550E-05  3.76223E-06 -2.99643E-06  7.61290E-05 -2.81826E-06  4.51202E-08  1.18515E-04  1.34506E-05  6.41662E-06  6.30954E-05  5.50938E-06  7.46641E-06
 OMEGA(2,1)    1.56437E-05  5.71607E-06  7.01592E-06 -9.78206E-05  4.60962E-06 -3.19518E-07  1.34506E-05  4.43245E-05  4.12665E-06  1.99242E-05  1.54869E-05  1.25518E-05
 OMEGA(2,2)    7.86811E-06 -2.48236E-06  1.04965E-06  3.74673E-06  1.71434E-06 -6.49917E-07  6.41662E-06  4.12665E-06  4.14662E-05  5.04797E-06  1.48195E-05  3.72258E-06
 OMEGA(3,1)    2.42125E-05  5.08137E-06  2.26755E-06 -1.95881E-05  7.56982E-07  1.91295E-07  6.30954E-05  1.99242E-05  5.04797E-06  5.69606E-05  9.81294E-06  2.11382E-05
 OMEGA(3,2)    5.70172E-06  1.27970E-06  2.25118E-06 -2.92830E-05  3.39224E-06 -6.70518E-07  5.50938E-06  1.54869E-05  1.48195E-05  9.81294E-06  2.68068E-05  1.78093E-05
 OMEGA(3,3)    3.76832E-06  3.34048E-06  5.11889E-06 -5.93528E-05  1.48367E-06  3.36112E-07  7.46641E-06  1.25518E-05  3.72258E-06  2.11382E-05  1.78093E-05  5.27291E-05
TABLE NO.     3: Objective Function Evaluation by Importance Sampling (No Prior): Problem=1 Subproblem=0 Superproblem1=0 Iteration1=0 Superproblem2=0 Iteration2=0
 NAME         THETA1       THETA2       THETA3       THETA4       THETA5       SIGMA(1,1)   OMEGA(1,1)   OMEGA(2,1)   OMEGA(2,2)   OMEGA(3,1)   OMEGA(3,2)   OMEGA(3,3)
 THETA1        5.01612E-04  2.99736E-05  1.39443E-04  2.03057E-06  1.73261E-06  2.35948E-07  3.91144E-05  4.04600E-06  2.23290E-06  6.47347E-06 -4.91051E-07 -1.59410E-06
 THETA2        2.99736E-05  2.76413E-04  1.15575E-04 -1.18711E-06  1.04845E-06  4.33920E-07 -1.06806E-06  4.20960E-07  3.67537E-07 -1.33575E-06 -2.48568E-07  9.29403E-08
 THETA3        1.39443E-04  1.15575E-04  3.07989E-04 -5.97234E-07  8.64711E-07  3.73073E-07 -9.46938E-07  5.05145E-07 -1.44182E-08 -1.11134E-06 -6.20951E-09  2.69894E-07
 THETA4        2.03057E-06 -1.18711E-06 -5.97234E-07  9.02529E-03 -3.61398E-04 -6.48107E-10  6.34972E-07 -6.34621E-08 -8.40837E-07  1.24308E-06 -1.00856E-07  1.59139E-07
 THETA5        1.73261E-06  1.04845E-06  8.64711E-07 -3.61398E-04  3.80717E-05  3.00346E-08  3.86193E-08  1.82838E-08  1.84218E-07 -1.38626E-07  5.08597E-08 -4.72120E-08
 SIGMA(1,1)    2.35948E-07  4.33920E-07  3.73073E-07 -6.48107E-10  3.00346E-08  5.17370E-07 -7.25799E-07 -7.89698E-08 -9.05047E-08 -3.64100E-08 -7.79373E-08 -5.43585E-08
 OMEGA(1,1)    3.91144E-05 -1.06806E-06 -9.46938E-07  6.34972E-07  3.86193E-08 -7.25799E-07  1.37215E-04  6.86645E-06  7.31388E-07  3.98147E-05  2.29758E-06  1.05603E-05
 OMEGA(2,1)    4.04600E-06  4.20960E-07  5.05145E-07 -6.34621E-08  1.82838E-08 -7.89698E-08  6.86645E-06  3.93483E-05  4.54319E-06  1.78575E-05  1.19163E-05  9.22148E-06
 OMEGA(2,2)    2.23290E-06  3.67537E-07 -1.44182E-08 -8.40837E-07  1.84218E-07 -9.05047E-08  7.31388E-07  4.54319E-06  4.42329E-05  2.03508E-06  1.85733E-05  7.85831E-06
 OMEGA(3,1)    6.47347E-06 -1.33575E-06 -1.11134E-06  1.24308E-06 -1.38626E-07 -3.64100E-08  3.98147E-05  1.78575E-05  2.03508E-06  4.93451E-05  7.05531E-06  2.41728E-05
 OMEGA(3,2)   -4.91051E-07 -2.48568E-07 -6.20951E-09 -1.00856E-07  5.08597E-08 -7.79373E-08  2.29758E-06  1.19163E-05  1.85733E-05  7.05531E-06  2.85136E-05  2.05312E-05
 OMEGA(3,3)   -1.59410E-06  9.29403E-08  2.69894E-07  1.59139E-07 -4.72120E-08 -5.43585E-08  1.05603E-05  9.22148E-06  7.85831E-06  2.41728E-05  2.05312E-05  5.45563E-05
