TABLE NO.     1: Iterative Two Stage: Problem=1 Subproblem=0 Superproblem1=0 Iteration1=0 Superproblem2=0 Iteration2=0
 NAME         THETA1       THETA2       THETA3       THETA4       THETA5       SIGMA(1,1)   OMEGA(1,1)   OMEGA(2,1)   OMEGA(2,2)   OMEGA(3,1)   OMEGA(3,2)   OMEGA(3,3)
 THETA1        4.00805E-01  2.53335E-01  7.27509E-02  1.24802E-01 -7.60184E-02  3.20537E-02  2.44823E-01 -2.27047E-01 -1.48728E-01 -6.97590E-01 -1.85586E-01 -7.29932E-02
 THETA2        2.53335E-01  5.29328E-01 -7.73358E-01 -6.95973E-02 -4.80770E-02  1.72608E-01 -1.44834E-03  3.72592E-01 -2.65782E-01 -5.06035E-01 -7.18463E-01  8.18120E-01
 THETA3        7.27509E-02 -7.73358E-01  3.10538E-01  1.52455E-01  2.12388E-02  3.24254E-01  1.84501E-01 -3.49052E-01  3.93011E-01  3.13581E-01  4.02338E-01 -8.49476E-01
 THETA4        1.24802E-01 -6.95973E-02  1.52455E-01  1.00915E-01 -6.87001E-01  3.25842E-02  1.29000E-01 -1.34926E-01  1.07634E-02  2.72552E-02  1.25904E-02 -8.64398E-02
 THETA5       -7.60184E-02 -4.80770E-02  2.12388E-02 -6.87001E-01  7.35850E-03  3.20317E-02 -8.03376E-02  8.06765E-02  8.51175E-03  2.69335E-03  9.02473E-02 -8.06949E-02
 SIGMA(1,1)    3.20537E-02  1.72608E-01  3.24254E-01  3.25842E-02  3.20317E-02  1.42721E-02  6.50183E-02 -2.43017E-02 -3.77569E-02  1.26194E-01 -1.26530E-01 -1.38764E-01
 OMEGA(1,1)    2.44823E-01 -1.44834E-03  1.84501E-01  1.29000E-01 -8.03376E-02  6.50183E-02  8.89038E-02  2.39887E-01  7.81313E-02 -6.93152E-02 -6.62308E-04 -1.59871E-01
 OMEGA(2,1)   -2.27047E-01  3.72592E-01 -3.49052E-01 -1.34926E-01  8.06765E-02 -2.43017E-02  2.39887E-01  9.01621E-02  2.65714E-01 -4.35953E-01 -3.66063E-01  3.68726E-01
 OMEGA(2,2)   -1.48728E-01 -2.65782E-01  3.93011E-01  1.07634E-02  8.51175E-03 -3.77569E-02  7.81313E-02  2.65714E-01  1.18150E-01 -2.95880E-02 -4.43056E-01  3.09073E-02
 OMEGA(3,1)   -6.97590E-01 -5.06035E-01  3.13581E-01  2.72552E-02  2.69335E-03  1.26194E-01 -6.93152E-02 -4.35953E-01 -2.95880E-02  7.30134E-02  4.46922E-01 -3.03026E-01
 OMEGA(3,2)   -1.85586E-01 -7.18463E-01  4.02338E-01  1.25904E-02  9.02473E-02 -1.26530E-01 -6.62308E-04 -3.66063E-01 -4.43056E-01  4.46922E-01  9.18353E-02 -7.84197E-01
 OMEGA(3,3)   -7.29932E-02  8.18120E-01 -8.49476E-01 -8.64398E-02 -8.06949E-02 -1.38764E-01 -1.59871E-01  3.68726E-01  3.09073E-02 -3.03026E-01 -7.84197E-01  8.95039E-02
TABLE NO.     2: Stochastic Approximation Expectation-Maximization (No Prior): Problem=1 Subproblem=0 Superproblem1=0 Iteration1=0 Superproblem2=0 Iteration2=0
 NAME         THETA1       THETA2       THETA3       THETA4       THETA5       SIGMA(1,1)   OMEGA(1,1)   OMEGA(2,1)   OMEGA(2,2)   OMEGA(3,1)   OMEGA(3,2)   OMEGA(3,3)
 THETA1        2.41633E-02  8.34613E-02  3.25496E-01 -1.27227E-02  4.98727E-02  3.59316E-02  3.22577E-01  9.72433E-02  5.05669E-02  1.32768E-01  4.55749E-02  2.14766E-02
 THETA2        8.34613E-02  1.67445E-02  3.97951E-01 -5.56727E-02  5.55555E-02  7.89974E-02  2.06389E-02  5.12746E-02 -2.30221E-02  4.02088E-02  1.47609E-02  2.74733E-02
 THETA3        3.25496E-01  3.97951E-01  1.76376E-02 -5.81228E-02  4.69006E-02  1.80112E-02 -1.56055E-02  5.97479E-02  9.24181E-03  1.70346E-02  2.46518E-02  3.99679E-02
 THETA4       -1.27227E-02 -5.56727E-02 -5.81228E-02  9.97923E-02 -6.86767E-01  1.00686E-02  7.00754E-02 -1.47235E-01  5.83053E-03 -2.60081E-02 -5.66755E-02 -8.19066E-02
 THETA5        4.98727E-02  5.55555E-02  4.69006E-02 -6.86767E-01  7.21407E-03  5.43904E-02 -3.58851E-02  9.59761E-02  3.69036E-02  1.39033E-02  9.08204E-02  2.83226E-02
 SIGMA(1,1)    3.59316E-02  7.89974E-02  1.80112E-02  1.00686E-02  5.43904E-02  7.78490E-04  5.32392E-03 -6.16481E-02 -1.29646E-01  3.25584E-02 -1.66355E-01  5.94573E-02
 OMEGA(1,1)    3.22577E-01  2.06389E-02 -1.56055E-02  7.00754E-02 -3.58851E-02  5.32392E-03  1.08865E-02  1.85581E-01  9.15318E-02  7.67933E-01  9.77447E-02  9.44496E-02
 OMEGA(2,1)    9.72433E-02  5.12746E-02  5.97479E-02 -1.47235E-01  9.59761E-02 -6.16481E-02  1.85581E-01  6.65767E-03  9.62561E-02  3.96526E-01  4.49284E-01  2.59633E-01
 OMEGA(2,2)    5.05669E-02 -2.30221E-02  9.24181E-03  5.83053E-03  3.69036E-02 -1.29646E-01  9.15318E-02  9.62561E-02  6.43943E-03  1.03868E-01  4.44492E-01  7.96109E-02
 OMEGA(3,1)    1.32768E-01  4.02088E-02  1.70346E-02 -2.60081E-02  1.39033E-02  3.25584E-02  7.67933E-01  3.96526E-01  1.03868E-01  7.54723E-03  2.51125E-01  3.85706E-01
 OMEGA(3,2)    4.55749E-02  1.47609E-02  2.46518E-02 -5.66755E-02  9.08204E-02 -1.66355E-01  9.77447E-02  4.49284E-01  4.44492E-01  2.51125E-01  5.17753E-03  4.73695E-01
 OMEGA(3,3)    2.14766E-02  2.74733E-02  3.99679E-02 -8.19066E-02  2.83226E-02  5.94573E-02  9.44496E-02  2.59633E-01  7.96109E-02  3.85706E-01  4.73695E-01  7.26148E-03
TABLE NO.     3: Objective Function Evaluation by Importance Sampling (No Prior): Problem=1 Subproblem=0 Superproblem1=0 Iteration1=0 Superproblem2=0 Iteration2=0
 NAME         THETA1       THETA2       THETA3       THETA4       THETA5       SIGMA(1,1)   OMEGA(1,1)   OMEGA(2,1)   OMEGA(2,2)   OMEGA(3,1)   OMEGA(3,2)   OMEGA(3,3)
 THETA1        2.23967E-02  8.04963E-02  3.54770E-01  9.54343E-04  1.25376E-02  1.46464E-02  1.49091E-01  2.87991E-02  1.49904E-02  4.11463E-02 -4.10598E-03 -9.63626E-03
 THETA2        8.04963E-02  1.66257E-02  3.96112E-01 -7.51589E-04  1.02204E-02  3.62853E-02 -5.48420E-03  4.03645E-03  3.32391E-03 -1.14373E-02 -2.79988E-03  7.56837E-04
 THETA3        3.54770E-01  3.96112E-01  1.75496E-02 -3.58217E-04  7.98551E-03  2.95547E-02 -4.60631E-03  4.58866E-03 -1.23529E-04 -9.01484E-03 -6.62619E-05  2.08211E-03
 THETA4        9.54343E-04 -7.51589E-04 -3.58217E-04  9.50015E-02 -6.16530E-01 -9.48452E-06  5.70588E-04 -1.06493E-04 -1.33079E-03  1.86271E-03 -1.98812E-04  2.26790E-04
 THETA5        1.25376E-02  1.02204E-02  7.98551E-03 -6.16530E-01  6.17023E-03  6.76737E-03  5.34321E-04  4.72391E-04  4.48910E-03 -3.19831E-03  1.54364E-03 -1.03593E-03
 SIGMA(1,1)    1.46464E-02  3.62853E-02  2.95547E-02 -9.48452E-06  6.76737E-03  7.19285E-04 -8.61419E-02 -1.75024E-02 -1.89190E-02 -7.20605E-03 -2.02917E-02 -1.02316E-02
 OMEGA(1,1)    1.49091E-01 -5.48420E-03 -4.60631E-03  5.70588E-04  5.34321E-04 -8.61419E-02  1.17139E-02  9.34476E-02  9.38801E-03  4.83860E-01  3.67319E-02  1.22054E-01
 OMEGA(2,1)    2.87991E-02  4.03645E-03  4.58866E-03 -1.06493E-04  4.72391E-04 -1.75024E-02  9.34476E-02  6.27282E-03  1.08899E-01  4.05262E-01  3.55755E-01  1.99028E-01
 OMEGA(2,2)    1.49904E-02  3.32391E-03 -1.23529E-04 -1.33079E-03  4.48910E-03 -1.89190E-02  9.38801E-03  1.08899E-01  6.65078E-03  4.35598E-02  5.22986E-01  1.59968E-01
 OMEGA(3,1)    4.11463E-02 -1.14373E-02 -9.01484E-03  1.86271E-03 -3.19831E-03 -7.20605E-03  4.83860E-01  4.05262E-01  4.35598E-02  7.02461E-03  1.88091E-01  4.65888E-01
 OMEGA(3,2)   -4.10598E-03 -2.79988E-03 -6.62619E-05 -1.98812E-04  1.54364E-03 -2.02917E-02  3.67319E-02  3.55755E-01  5.22986E-01  1.88091E-01  5.33982E-03  5.20553E-01
 OMEGA(3,3)   -9.63626E-03  7.56837E-04  2.08211E-03  2.26790E-04 -1.03593E-03 -1.02316E-02  1.22054E-01  1.99028E-01  1.59968E-01  4.65888E-01  5.20553E-01  7.38622E-03
